ID;Überschrift;Kurztext;Text;Linien;Startdatum;Enddatum;Quelle;Anhänge;Links;Bild;Kategorien;Nachrichtentypen;Zeitstempel;Betroffene Haltestellen;Aktualisierungszeit
4e02cbc1-53ef-479d-b709-fc07f948e484;Bad Cannstatt <> Esslingen(N): Haltausfälle und Ersatzverkehr mit Bussen;Bis Freitag, 31. Oktober 2025 finden jeweils in den Nächten zwischen 22 Uhr und 4 Uhr Arbeiten an der Leit- und Sicherungstechnik zwischen Bad Cannstatt und Esslingen(N) statt.;"<p><strong>In den Nächten 22./23.10.; 23./24.10., 27./28.10., 29./30.10 und 30./31.10., jeweils 22 Uhr bis 4 Uhr</strong></p><ul><li>Die <strong>Linie S1 Richtung Herrenberg</strong> hält nicht in Mettingen, Obertürkheim, Untertürkheim und Neckarpark.</li><li>Die <strong>Linie S1 Richtung Kirchheim(T) </strong>hält nicht in Neckarpark und Obertürkheim.</li></ul><p>Zwischen Bad Cannstatt und Esslingen(N) verkehrt <strong>ein Ersatzverkehr mit Bussen (S1E)</strong>.</p><p>Bitte beachten Sie, dass diese Bauarbeiten von 29. November bis 1. Dezember 2025 fortgesetzt werden.</p><p>Im genannten Zeitraum kommt es zu weiteren baubedingten Einschränkungen auf der Linie S1. Bitte berücksichtigen Sie diese Abweichungen bei Ihrer Reiseplanung und informieren Sie sich vorab über Ihre Reiseverbindungen. Um keine kurzfristigen Änderungen zu verpassen, informieren Sie sich bitte auch unmittelbar vor Fahrtantritt in den digitalen Reiseauskunftsmedien unter&nbsp;bahn.de&nbsp;oder in der App DB Navigator.</p>";S 1;2025-10-22T20:00:00;2025-10-31T04:00:00;RisDisruptions;Fahrplan Ersatzverkehr S1E Bad Cannstatt–Esslingen.pdf;Weitere Informationen;https://assets-ri.extranet.deutschebahn.com/regio_sbahn_stuttgart/2025-10-21/5fe7cad9-4ace-432b-84fb-36949ec8dc18reisendenkarte_20250919-143436.png;;2;2025-10-30T03:55:28.756184;8001920, 8006743, 8005769, 8001921, 8005775, 8005772;2025-10-30T04:57:09.044278
927b4ef6-8151-409f-86da-f105afe808a2;S4 und S5 verkehren mit eingeschränkter Sitzplatzkapazität;Bietigheim-Marbach(N)-Ludwigsburg-Schwabstraße: S-Bahnen verkehren nur mit zwei Zugteilen.;<p>Die S-Bahnen der Linien S4 und S5 verkehren nur mit zwei Zugteilen. Dadurch kommt es zu eingeschränkten Sitzplatzkapazitäten.</p><p></p><p>Die S-Bahn Stuttgart empfiehlt ihren Fahrgästen bei der Reiseplanung diese Änderungen zu berücksichtigen. Insbesondere im Berufs- und Schülerverkehr wird empfohlen, auch die Züge des Regionalverkehrs zwischen Bietigheim, Ludwigsburg und Stuttgart Hauptbahnhof zu nutzen.</p><p></p><p>Nach einem Softwareupdate bei Zügen der Baureihe ET430 stehen vorübergehend nicht mehr die gewohnte Anzahl an Fahrzeugen zur Verfügung. Nach aktueller Prognose kann gegen Ende November wieder mit drei Zugteilen gefahren werden.</p>;S 4, S 5;2025-10-27T04:00:00;2025-11-21T23:59:00;RisDisruptions;;weitere Informationen;https://assets-ri.extranet.deutschebahn.com/regio_sbahn_stuttgart/2025-10-29/58c87906-b3e6-4a33-b9e7-1ada2df4be66reisendenkarte_20251027-095753.png;;1;2025-10-30T03:55:28.756184;8000016, 8006699, 8000873, 8005778, 8003853, 8005767, 8000235, 8002065, 8006700, 8001967, 8001296, 8003411, 8003266, 8000038, 8000630, 8000096, 8005770, 8098096, 8006698, 8001827, 8005820;2025-10-30T04:57:09.044322
b1aba932-a788-4cfb-99da-e9ebbe52ed04;Weil der Stadt <> Renningen <> Böblingen sowie Zuffenhausen <> S-Schwabstraße: Haltausfälle und Ersatzverkehr mit Bussen;In der Nacht 30./31. Oktober, 22 bis 4 Uhr, finden zwischen Weil der Stadt und Renningen sowie S-Hauptbahnhof und Pragtunnel Bauarbeiten statt.;"<ul><li><strong>Die Linie S6 </strong>verkehrt nur zwischen Renningen und Zuffenhausen.</li><li>Zwischen Weil der Stadt und Renningen fährt ein<strong> Ersatzverkehr mit Bussen (S6E)</strong>. Bitte berücksichtigen Sie die früheren Abfahrtszeiten der Busse in Weil der Stadt.</li><li>Zwischen Zuffenhausen und S-Schwabstraße verkehren die Linien S4 und S5.</li><li><strong>Um 0.40 und 4.26 Uhr fährt ein Ersatzverkehr mit Bussen (S6E) </strong>von Zuffenhausen Bahnhof, Bussteig 5, nach S-Hauptbahnhof.</li></ul><p></p><ul><li><strong>Die Linie S60</strong> verkehrt zwischen Renningen und Böblingen ab 22 Uhr nur stündlich.</li><li>Zwischen Renningen und Böblingen fährt ergänzend ein Ersatzverkehr mit Bussen <strong>(S6E) </strong>im Stundentakt.</li></ul><p>Bitte berücksichtigen Sie diese Abweichungen bei Ihrer Reiseplanung und informieren Sie sich vorab über Ihre Reiseverbindungen. Um keine kurzfristigen Änderungen zu verpassen, informieren Sie sich bitte auch unmittelbar vor Fahrtantritt in den digitalen Reiseauskunftsmedien unter&nbsp;bahn.de&nbsp;oder in der App DB Navigator.</p>";S 6, S 60;2025-10-30T21:30:00;2025-10-31T04:30:00;RisDisruptions;"Fahrplan S6E-S60E Weil der Stadt - Renningen - Böblingen.pdf; Fahrplan2 S6E Zuffenhausen - Stuttgart 31.10..pdf; Fahrplan1 S6E Zuffenhausen - Stuttgart 31.10..pdf";Weitere Informationen;https://assets-ri.extranet.deutschebahn.com/regio_sbahn_stuttgart/2025-10-14/11a06b2b-a599-4c68-b267-7d08742860b8reisendenkarte_20250827-142915.png;isInTimeInterval, isWeek;2;2025-10-30T03:55:28.756184;8005236, 8006700, 8003831, 8006699, 8002892, 8003409, 8004338, 8006268, 8006271, 8005001, 8003807, 8003834, 8005574, 8003652, 8098096, 8000313, 8006698, 8001476, 8005778, 8003808, 8001055;2025-10-30T04:57:09.044354
25fa95f7-bc72-4edf-bc50-cf7abe23b9fa;Bietigheim-Bissingen <> Schwabstraße: Zug- und Haltausfälle, Ersatzverkehr mit Bussen;Aufgrund von Bauarbeiten zwischen Bietigheim-Bissingen und Nordbahnhof kommt es in den Nächten Donnerstag, 30.10./Freitag, 31.10. sowie Freitag, 31.10./Samstag, 01.11.2025, jeweils zwischen 22.00 Uhr und 5.00 Uhr zu folgenden Einschränkungen:;"<p><strong>In der Nacht Donnerstag, 30.10./Freitag, 31.10., von 22.00 Uhr bis 5.00 Uhr</strong></p><ul><li><strong>S4</strong> fällt zwischen<strong> </strong>Ludwigsburg und Stuttgart Schwabstraße aus.</li><li><strong>S5 Richtung Schwabstraße </strong>hält nicht in Tamm, Asperg, Kornwestheim und Feuerbach.<ul><li>Bitte nutzen Sie die Züge der Gegenrichtung.</li></ul></li></ul><p>Bitte beachten Sie, im genannten Zeitraum kommt es auch auf der <strong>Linie S6 </strong>zu weiteren Einschränkungen.</p><p><strong>In der Nacht Freitag, 31.10./Samstag, 01.11.2025, von 22.00 Uhr bis 5.00 Uhr</strong></p><ul><li><strong>S5</strong> fällt zwischen Ludwigsburg und Bietigheim-Bissingen aus.</li><li><strong>Ersatzverkehr mit Bussen (S5E/S5X) </strong>zwischen Ludwigsburg, Bahnhof (Arena) und Bietigheim-Bissingen, ZOB, Bussteig 9.</li></ul><p>Bitte berücksichtigen Sie diese Abweichungen bei Ihrer Reiseplanung und informieren Sie sich vorab über Ihre Reiseverbindungen. Um keine kurzfristigen Änderungen zu verpassen, informieren Sie sich bitte auch unmittelbar vor Fahrtantritt in den digitalen Reiseauskunftsmedien unter&nbsp;bahn.de&nbsp;oder in der App DB Navigator.</p>";S 4, S 5;2025-10-30T22:00:00;2025-11-01T05:00:00;RisDisruptions;Fahrplan Ersatzverkehr S5E.pdf;Weitere Informationen;https://assets-ri.extranet.deutschebahn.com/regio_sbahn_stuttgart/2025-09-24/001b9d67-23d6-40fc-be03-36cd906d24d8reisendenkarte_20250826-120807.png;isInTimeInterval;2;2025-10-30T03:55:28.756184;8006698, 8006699, 8003411, 8005778, 8006700, 8005820, 8000038, 8000235, 8005767, 8098096, 8000630, 8005770;2025-10-30T04:57:09.044392
50eedd43-9dfd-40dd-ad0e-182c3695b086;Backnang <> Burgstall: Zugausfälle und Ersatzverkehr mit Bussen;Von Freitag, 31. Oktober, 21 Uhr bis Freitag, 7. November 2025, 21 Uhr finden zwischen Backnang und Burgstall Vegetationsarbeiten statt.;"<ul><li>Die <strong>Linie S4</strong> verkehrt nur zwischen Schwabstraße und Burgstall.</li><li>Zwischen Burgstall, Bahnhof und Backnang, Bahnhof/ZOB verkehrt ein <strong>Ersatzverkehr mit Bussen </strong>(S4E) mit Halt in Erbstetten-Ortsmitte. Bitte beachten Sie die frühere Abfahrtszeit der Busse in Backnang.</li></ul><p>Bitte berücksichtigen Sie diese Abweichungen bei Ihrer Reiseplanung und informieren Sie sich vorab über Ihre Reiseverbindungen. Um keine kurzfristigen Änderungen zu verpassen, informieren Sie sich bitte auch unmittelbar vor Fahrtantritt in den digitalen Reiseauskunftsmedien unter&nbsp;bahn.de&nbsp;oder in der App DB Navigator.</p>";S 4;2025-10-31T21:00:00;2025-11-07T21:00:00;RisDisruptions;Fahrplan Ersatzverkehr S4E_31.10.-07.11.25_neu.pdf;Weitere Informationen;https://assets-ri.extranet.deutschebahn.com/regio_sbahn_stuttgart/2025-10-14/7426cfd8-2f3e-46cb-a4db-df8ddca920dareisendenkarte_20250807-140248.png;;2;2025-10-30T03:55:28.756184;8000016, 8006699, 8000873, 8005778, 8003853, 8005767, 8000235, 8002065, 8006700, 8001967, 8001296, 8003411, 8003266, 8005770, 8000096, 8098096, 8006698, 8001827;2025-10-30T04:57:09.044429
9f22a493-f3d3-4158-b2ab-e718b9124eef;Backnang <> Waiblingen: Zugausfall und Ersatzverkehr mit Bussen;In der Nacht 3. November finden Bauarbeiten zwischen Backnang und Waiblingen Bauarbeiten statt.;"<ul><li>Die <strong>Linie S3</strong> Richtung Flughafen/Messe mit Abfahrt in Backnang um 4.41 Uhr fällt zwischen Backnang und Waiblingen aus.</li><li>Zwischen Backnang und Waiblingen verkehrt ein <strong>Ersatzverkehr mit Bussen</strong>.</li></ul><p>Bitte berücksichtigen Sie diese Abweichungen bei Ihrer Reiseplanung und informieren Sie sich vorab über Ihre Reiseverbindungen. Um keine kurzfristigen Änderungen zu verpassen, informieren Sie sich bitte auch unmittelbar vor Fahrtantritt in den digitalen Reiseauskunftsmedien unter&nbsp;bahn.de&nbsp;oder in der App DB Navigator.</p>";S 3;2025-11-03T04:30:00;2025-11-03T05:30:00;RisDisruptions;Fahrplan Ersatzverkehr S3E Backnang nach Waiblingen.pdf;Weitere Informationen;https://assets-ri.extranet.deutschebahn.com/regio_sbahn_stuttgart/2025-10-15/a60683c5-9127-4135-a851-3b6e5d7f6c72reisendenkarte_20250929-105436.png;isInTimeInterval, isWeek;2;2025-10-30T03:55:28.756184;8005454, 8006479, 8000016, 8004233, 8004333, 8003913, 8000180;2025-10-30T04:57:09.044491
ad0e8b36-300f-4ceb-99ec-3bc9086abcea;Arbeiten an der Leit- und Sicherungstechnik in Stuttgart-Vaihingen;Im Gesamtzeitraum von Montag, 3. November, 20 Uhr bis Montag, 17. November, 4 Uhr finden in Stuttgart-Vaihingen Arbeiten an der Leit- und Sicherungstechnik statt. Es kommt zu folgenden umfangreichen Angebotseinschränkungen:;"<p><strong>Am 3. November 20 Uhr bis 22 Uhr</strong></p><ul><li>Die <strong>Linien S1-S3 </strong>verkehren nur im 30-Minuten-Takt.</li><li>Die <strong>Linie S2 </strong>verkehrt nur zwischen Schorndorf und Stuttgart Hbf (oben).</li><li>Die <strong>Linie S3</strong> verkehrt nur zwischen Backnang und Bad Cannstatt.</li><li><strong>Ersatzverkehr mit Bussen:</strong><ul><li><strong>S2E </strong>Stuttgart-Vaihingen, ZOB Bussteig 1 – Filderstadt</li><li><strong>S2X Expressbus </strong>Stuttgart-Vaihingen, Vollmoeller Straße – Flughafen/Messe (ohne Zwischenhalt)</li></ul></li></ul><p></p><p><strong>In der Nacht 3./4. November, 22 Uhr bis 4 Uhr</strong></p><ul><li>Die <strong>Linien S1-S3 </strong>verkehren nur im 30-Minuten-Takt.</li><li>Die <strong>Linie S1</strong> hält nicht zwischen Stuttgart Hbf (oben) und Stuttgart-Vaihingen. Die Halte Stuttgart Hbf (tief), Stadtmitte, Feuersee, Schwabstraße und Österfeld entfallen.</li><li>Die <strong>Linie S2 </strong>verkehrt nur zwischen Schorndorf und Stuttgart Hbf (oben).</li><li>Die <strong>Linie S3</strong> verkehrt nur zwischen Backnang und Waiblingen.</li><li>Die <strong>Linien S4, S5 und S6</strong> enden in Stuttgart Hbf (oben) und fallen zwischen Stuttgart Hbf (tief) und Schabstraße aus.</li><li><strong>Ersatzverkehr mit Bussen:</strong><ul><li><strong>SEV1 </strong>Stuttgart Hbf – Stuttgart-Vaihingen (zur Entlastung der Linie S1 und als Ersatz für die Linien S2 und S3)</li><li><strong>S2E </strong>Stuttgart-Vaihingen, ZOB Bussteig 1 – Filderstadt</li><li><strong>S2X Expressbus </strong>Stuttgart-Vaihingen, Vollmoeller Straße – Flughafen/Messe (ohne Zwischenhalt)</li></ul></li></ul><p></p><p><strong>In der Nacht 4./5. November 20 Uhr bis 4 Uhr</strong></p><ul><li>Die <strong>Linien S1-S3 </strong>verkehren nur im 30-Minuten-Takt.</li><li>Die <strong>Linie S2 </strong>verkehrt nur zwischen Schorndorf und Stuttgart Hbf (oben).</li><li>Die <strong>Linie S3</strong> verkehrt nur zwischen Backnang und Bad Cannstatt.</li><li><strong>Ersatzverkehr mit Bussen:</strong><ul><li><strong>SEV1 </strong>Stuttgart Hbf – Stuttgart-Vaihingen (zur Entlastung der Linie S1 und als Ersatz für die Linien S2 und S3)</li><li><strong>S2E </strong>Stuttgart-Vaihingen, ZOB Bussteig 1 – Filderstadt</li><li><strong>S2X Expressbus </strong>Stuttgart-Vaihingen, Vollmoeller Straße – Flughafen/Messe (ohne Zwischenhalt)</li></ul></li></ul><p></p><p><strong>Von 8. November, 1.20 Uhr bis 10. November, 4.00 Uhr</strong></p><ul><li>Die <strong>Linie S1</strong> verkehrt <strong>nur zwischen Kirchheim(T) und Stuttgart-Schwabstraße</strong> sowie zwischen <strong>Stuttgart-Vaihingen und Herrenberg</strong>.</li><li>Die <strong>Linie S2 </strong>verkehrt nur zwischen Schorndorf und Stuttgart Hbf (oben) sowie zwischen Stuttgart-Vaihingen und Filderstadt.</li><li>Die <strong>Linie S3 </strong>verkehrt nur zwischen Backnang und Bad Cannstatt</li><li>Die <strong>Linien S1-S3</strong> verkehren nur im 30-Minuten-Takt.</li><li><strong>Ersatzverkehr mit Bussen (SEV1)</strong> zwischen Stuttgart Hbf, Arnulf-Klett-Platz und Stuttgart-Vaihingen, ZOB, Bussteig 1.</li></ul><p></p><p><strong>Von Samstag, 15. November, 1.20 Uhr bis Montag, 17. November 4 Uhr </strong></p><ul><li>Die <strong>Linien S1-S5 </strong>verkehren nur im 30-Minuten-Takt.</li><li>Die <strong>Linie</strong> <strong>S1</strong> verkehrt nur zwischen Kirchheim(T) und Stuttgart-Schwabstraße sowie zwischen Stuttgart-Vaihingen und Herrenberg.</li><li>Die <strong>Linie</strong> <strong>S2&nbsp;</strong>verkehrt nur zwischen Schorndorf und Stuttgart Hbf (oben). Im Nachtverkehr fällt die Linie S2 zeitweise aufgrund von weiteren Bauarbeiten auch zwischen Stuttgart Hbf und Schorndorf aus.</li><li>Die <strong>Linie S3</strong> verkehrt nur zwischen Backnang und Bad Cannstatt. Im Nachtverkehr nur zwischen Backnang und Winnenden.</li><li><strong>Ersatzverkehr mit Bussen:</strong><ul><li>SEV1 Stuttgart Hbf – Stuttgart-Vaihingen (Ersatz für die Linien S1-S3)</li><li>S2E Stuttgart Hbf – Schorndorf</li><li>S2E Stuttgart-Vaihingen, ZOB Bussteig 1 – Filderstadt</li><li>S2X Expressbus Stuttgart-Vaihingen, Vollmoeller Straße – Flughafen/Messe (ohne Zwischenhalt)</li><li>S3E Stuttgart Hbf – Winnenden</li></ul></li></ul><p></p><p>Bitte berücksichtigen Sie diese Abweichungen bei Ihrer Reiseplanung und informieren Sie sich vorab über Ihre Reiseverbindungen. Um keine kurzfristigen Änderungen zu verpassen, informieren Sie sich bitte auch unmittelbar vor Fahrtantritt in den digitalen Reiseauskunftsmedien unter&nbsp;bahn.de&nbsp;oder in der App DB Navigator.</p>";S 1, S 2, S 3;2025-11-03T20:00:00;2025-11-17T04:00:00;RisDisruptions;"Fahrplan Ersatzverkehr_SEV1_07.11-09.11.25.pdf; Fahrplan Ersatzverkehr SEV1 Vaihingen-STD_15.11-17.11.25.pdf; Fahrplan Ersatzverkehr S2E_02.11.-04.11.25.pdf; Fahrplan Ersatzverkehr_SEV1_03.11-04.11.25.pdf; Fahrplan Ersatzverkehr S2X_Vaihingen-Messe_15.-16.11.pdf; Fahrplan Ersatzverkehr S2E Vaihingen-Filderstadt_15.-17.11.pdf; Fahrplan Ersatzverkehr_S2X_02.11-04.11.25.pdf";Weitere Informationen;https://assets-ri.extranet.deutschebahn.com/regio_sbahn_stuttgart/2025-10-29/c2430eae-a1c0-437e-857b-c2bd89f0d555reisendenkarte_20251007-101951.png;;2;2025-10-30T03:55:28.756184;8006700, 8006699, 8006743, 8006513, 8005776, 8005779, 8005769, 8006698, 8005768, 8001785, 8002240, 8001650, 8004496, 8002448, 8003622, 8006277, 8000934, 8005157, 8000180, 8001984, 8005454, 8004357, 8004333, 8098096, 8001974, 8005773, 8005726, 8006485, 8000096, 8005424, 8006479;2025-10-30T04:57:09.044518
9c1cf997-e545-4899-9965-8cc60cc9f4b1;Bad Cannstatt <> Filderstadt: Zugausfälle und Ersatzverkehr mit Bussen;In den Nächten 3./4. November und 4./5. November finden jeweils zwischen 20 Uhr und 4 Uhr Arbeiten an der Leit- und Sicherungstechnik im Bereich Stuttgart-Vaihingen statt. Es kommt zu folgenden Einschränkungen:;"<p><strong>Am 3. November 20 Uhr bis 22 Uhr</strong></p><ul><li>Die <strong>Linien S1-S3 </strong>verkehren nur im 30-Minuten-Takt.</li><li>Die <strong>Linie S2 </strong>verkehrt nur zwischen Schorndorf und Stuttgart Hbf (oben).</li><li>Die <strong>Linie S3</strong> verkehrt nur zwischen Backnang und Bad Cannstatt.</li><li><strong>Ersatzverkehr mit Bussen:</strong><ul><li><strong>S2E </strong>Stuttgart-Vaihingen, ZOB Bussteig 1 – Filderstadt</li><li><strong>S2X Expressbus </strong>Stuttgart-Vaihingen, Vollmoeller Straße – Flughafen/Messe (ohne Zwischenhalt)</li></ul></li></ul><p><strong>In der Nacht 3./4. November, 22 Uhr bis 4 Uhr</strong></p><ul><li>Die <strong>Linien S1-S3 </strong>verkehren nur im 30-Minuten-Takt.</li><li>Die <strong>Linie S1</strong> hält nicht zwischen Stuttgart Hbf (oben) und Stuttgart-Vaihingen. Die Halte Stuttgart Hbf (tief), Stadtmitte, Feuersee, Schwabstraße und Österfeld entfallen.</li><li>Die <strong>Linie S2 </strong>verkehrt nur zwischen Schorndorf und Stuttgart Hbf (oben).</li><li>Die <strong>Linie S3</strong> verkehrt nur zwischen Backnang und Waiblingen.</li><li>Die <strong>Linien S4, S5 und S6</strong> enden in Stuttgart Hbf (oben) und fallen zwischen Stuttgart Hbf (tief) und Schabstraße aus.</li><li><strong>Ersatzverkehr mit Bussen:</strong><ul><li><strong>SEV1 </strong>Stuttgart Hbf – Stuttgart-Vaihingen (zur Entlastung der Linie S1 und als Ersatz für die Linien S2 und S3)</li><li><strong>S2E </strong>Stuttgart-Vaihingen, ZOB Bussteig 1 – Filderstadt</li><li><strong>S2X Expressbus </strong>Stuttgart-Vaihingen, Vollmoeller Straße – Flughafen/Messe (ohne Zwischenhalt)</li></ul></li></ul><p><strong>In der Nacht 4./5. November 20 Uhr bis 4 Uhr</strong></p><ul><li>Die <strong>Linien S1-S3 </strong>verkehren nur im 30-Minuten-Takt.</li><li>Die <strong>Linie S2 </strong>verkehrt nur zwischen Schorndorf und Stuttgart Hbf (oben).</li><li>Die <strong>Linie S3</strong> verkehrt nur zwischen Backnang und Bad Cannstatt.</li><li><strong>Ersatzverkehr mit Bussen:</strong><ul><li><strong>SEV1 </strong>Stuttgart Hbf – Stuttgart-Vaihingen (zur Entlastung der Linie S1 und als Ersatz für die Linien S2 und S3)</li><li><strong>S2E </strong>Stuttgart-Vaihingen, ZOB Bussteig 1 – Filderstadt</li><li><strong>S2X Expressbus </strong>Stuttgart-Vaihingen, Vollmoeller Straße – Flughafen/Messe (ohne Zwischenhalt)</li></ul></li></ul><p>Bitte berücksichtigen Sie diese Abweichungen bei Ihrer Reiseplanung und informieren Sie sich vorab über Ihre Reiseverbindungen. Um keine kurzfristigen Änderungen zu verpassen, informieren Sie sich bitte auch unmittelbar vor Fahrtantritt in den digitalen Reiseauskunftsmedien unter&nbsp;bahn.de&nbsp;oder in der App DB Navigator.</p>";S 1, S 2, S 3;2025-11-03T20:00:00;2025-11-05T04:00:00;RisDisruptions;"Fahrplan Ersatzverkehr S2E_02.11.-04.11.25.pdf; Fahrplan Ersatzverkehr_SEV1_03.11-04.11.25.pdf; Fahrplan Ersatzverkehr_S2X_02.11-04.11.25.pdf";weitere Informationen;https://assets-ri.extranet.deutschebahn.com/regio_sbahn_stuttgart/2025-10-29/3ca5739e-3627-4508-bbb9-5ec23c68993freisendenkarte_20251029-163643.png;isWeek;2;2025-10-30T03:55:28.756184;8006700, 8006699, 8000096, 8006513, 8005779, 8006698, 8001650, 8005773, 8005776, 8004496, 8003622, 8005768, 8001984, 8098096, 8005769;2025-10-30T04:57:09.044629
f15055e3-f961-47ce-85dc-4156a21355c2;Bad Cannstatt <> Stuttgart-Vaihingen: Zugausfälle und Ersatzverkehr mit Bussen;Von Samstag, 8. November, 1.20 Uhr bis Montag, 10. November 4 Uhr finden im Bereich Stuttgart-Vaihingen Arbeiten an der Leit- und Sicherungstechnik statt. Es kommt zu folgenden Einschränkungen:;"<ul><li>Die&nbsp;<strong>Linien S1-S5&nbsp;</strong>verkehren nur im 30-Minuten-Takt.</li><li>Die Linie S1 verkehrt nur zwischen Kirchheim(T) und Stuttgart-Schwabstraße sowie zwischen Stuttgart-Vaihingen und Herrenberg.</li><li>Die&nbsp;<strong>Linie S2&nbsp;</strong>verkehrt nur zwischen Schorndorf und Stuttgart Hbf (oben) sowie zwischen Stuttgart-Vaihingen und Filderstadt.</li><li>Die&nbsp;<strong>Linie S3</strong>&nbsp;verkehrt nur zwischen Backnang und Bad Cannstatt.</li><li><strong>Ersatzverkehr mit Bussen:</strong><ul><li><strong>SEV1&nbsp;</strong>Stuttgart Hbf – Stuttgart-Vaihingen (als Ersatz für die Linien S1-S3)</li></ul></li></ul><p>Bitte berücksichtigen Sie diese Abweichungen bei Ihrer Reiseplanung und informieren Sie sich vorab über Ihre Reiseverbindungen. Um keine kurzfristigen Änderungen zu verpassen, informieren Sie sich bitte auch unmittelbar vor Fahrtantritt in den digitalen Reiseauskunftsmedien unter&nbsp;bahn.de&nbsp;oder in der App DB Navigator.</p>";S 1, S 2, S 3, S 4, S 5;2025-11-08T00:30:00;2025-11-10T04:00:00;RisDisruptions;Fahrplan Ersatzverkehr_SEV1_07.11-09.11.25.pdf;Weitere Informationen;https://assets-ri.extranet.deutschebahn.com/regio_sbahn_stuttgart/2025-10-15/e53b4821-5f0b-45b0-8aef-7bf83c383044reisendenkarte_20250924-133326.png;;2;2025-10-30T03:55:28.756184;8006513, 8005779, 8005776, 8004496, 8005769, 8001650, 8000934, 8001974, 8004357, 8006699, 8006485, 8005726, 8002240, 8002448, 8003622, 8006700, 8000180, 8005157, 8006277, 8001984, 8005774, 8005454, 8000016, 8004233, 8004333, 8003913, 8000873, 8005778, 8003853, 8000235, 8002065, 8005767, 8001967, 8001296, 8003411, 8003266, 8005820, 8000038, 8006698, 8005773, 8000096, 8005768, 8001785, 8098096, 8005424, 8006479, 8005770, 8001827, 8000630;2025-10-30T04:57:09.044701
082ed560-d717-41fc-80c9-36e377ca40e6;Schwabstraße <> Bietigheim-Bissingen: Zugausfälle und Ersatzverkehr mit Bussen;In den Nächten 11./12. November und 12./13. November, jeweils von 22 Uhr bis 5 Uhr, finden zwischen Stuttgart Hbf und Bietigheim-Bissingen Instandhaltungsarbeiten statt.;"<p><strong>In der Nacht 11./12. November </strong></p><ul><li>Die<strong> Linie S4 </strong>verkehrt nur zwischen Backnang bzw. Marbach(N) und Ludwigsburg. Der Abschnitt zwischen Ludwigsburg und Stuttgart-Schwabstraße entfällt.</li><li>Die <strong>Linie S5</strong> verkehrt nur zwischen Bietigheim-Bissingen und Stuttgart Hbf (oben).&nbsp;In der Fahrtrichtung von Stuttgart nach Bietigheim-Bissingen entfallen zudem die Halte S-Nordbahnhof, S-Feuerbach, Asperg und Tamm.</li></ul><p><strong>In der Nacht 12./13. November</strong></p><ul><li>Die <strong>Linie S5 </strong>verkehrt nur zwischen Bietigheim-Bissingen und Stuttgart Hbf (oben). In beide Fahrtrichtungen entfallen die Halte S-Nordbahnhof und Stuttgart-Feuerbach.</li></ul><p><strong>Ersatzverkehr mit Bussen:</strong></p><ul><li><strong>S5E</strong> zwischen Ludwigsburg, Bahnhof (Arena) und Bietigheim-Bissingen, Bahnhof/ZOB, Bussteig 9 mit allen Zwischenhalten.&nbsp;</li><li><strong>S6E </strong>(eine Fahrt am 13. November) von Stuttgart Hbf, Arnulf-Klett-Platz, Pos.1, nach Stuttgart-Zuffenhausen mit allen Zwischenhalten.</li></ul><p>Bitte beachten Sie, dass diese Bauarbeiten im Zeitraum 9. bis 11. Dezember 2025 fortgeführt werden.</p><p>Bitte berücksichtigen Sie diese Abweichungen bei Ihrer Reiseplanung und informieren Sie sich vorab über Ihre Reiseverbindungen. Um keine kurzfristigen Änderungen zu verpassen, informieren Sie sich bitte auch unmittelbar vor Fahrtantritt in den digitalen Reiseauskunftsmedien unter&nbsp;bahn.de&nbsp;oder in der App DB Navigator.</p>";S 4, S 5;2025-11-11T22:00:00;2025-11-13T05:00:00;RisDisruptions;"Ersatzverkehr_S6E_Stuttgart-Zuffenhausen.pdf; Ersatzverkehr_S5E_Ludwigsburg-Bietigheim.pdf";Weitere Informationen;https://assets-ri.extranet.deutschebahn.com/regio_sbahn_stuttgart/2025-10-12/3c879729-bd31-4155-9d25-0442af262b18reisendenkarte_20251008-102054.png;isInTimeInterval, isWeek;2;2025-10-30T03:55:28.756184;8098096, 8006699, 8006700, 8005820, 8000038, 8005767, 8000630, 8005770, 8005778, 8006698, 8000235, 8000096;2025-10-30T04:57:09.044737
718ac833-8a04-43e0-b238-c405bec946e5;Schorndorf <> Grunbach/Weiler: Haltausfälle und Ersatzverkehr mit Bussen;Am 12./13. und 13./14. November, jeweils 17.45 bis 5 Uhr, sowie am 14. November, 17.45 bis 0 Uhr,  finden verschiedene Bauarbeiten zwischen Bad Cannstatt und Schorndorf statt.;"<ul><li>Die <strong>Linie S2 </strong>verkehrt nur zwischen Grunbach und Filderstadt. Die S2 mit Abfahrt in Schorndorf um 3:48 Uhr verkehrt zwischen Weiler und Filderstadt.</li><li>Zwischen Schorndorf und Grunbach bzw. Weiler fährt ein <strong>Ersatzverkehr mit Bussen </strong>(S2E).</li><li>Bitte beachten Sie die deutlich früheren Abfahrtszeiten der Busse in Schorndorf.</li></ul><p>Ab 15. November kommt es auf den Linien S1 bis S3 zu weiteren Fahrplanabweichungen aufgrund von Baustellen. </p><p>Bitte berücksichtigen Sie diese Abweichungen bei Ihrer Reiseplanung und informieren Sie sich vorab über Ihre Reiseverbindungen. Um keine kurzfristigen Änderungen zu verpassen, informieren Sie sich bitte auch unmittelbar vor Fahrtantritt in den digitalen Reiseauskunftsmedien unter&nbsp;bahn.de&nbsp;oder in der App DB Navigator.</p>";S 2;2025-11-12T17:30:00;2025-11-14T23:55:00;RisDisruptions;Fahrplan S2E Schorndorf - Grunbach.pdf;weitere Informationen;https://assets-ri.extranet.deutschebahn.com/regio_sbahn_stuttgart/2025-10-28/27833678-2938-4758-9b98-8af41fdc0422reisendenkarte_20251021-135922.png;isWeek;2;2025-10-30T03:55:28.756184;8002448, 8006485, 8006277, 8002240, 8005424;2025-10-30T04:57:09.044775
1f7807d4-2899-4df2-8b8c-0ab98e1ce85a;Bad Cannstatt <> Filderstadt: Zugausfälle und Ersatzverkehr mit Bussen;Von Samstag, 15. November, 1.20 Uhr bis Montag, 17. November 4 Uhr finden im Bereich Stuttgart-Vaihingen Arbeiten an der Leit- und Sicherungstechnik statt. Es kommt zu folgenden Einschränkungen:;"<ul><li>Die&nbsp;<strong>Linien S1-S5&nbsp;</strong>verkehren nur im 30-Minuten-Takt.</li><li>Die <strong>Linie S1</strong> verkehrt nur zwischen Kirchheim(T) und Stuttgart-Schwabstraße sowie zwischen Stuttgart-Vaihingen und Herrenberg.</li><li>Die&nbsp;<strong>Linie S2&nbsp;</strong>verkehrt nur zwischen Schorndorf und Stuttgart Hbf (oben). Im Nachtverkehr fällt die Linie S2 zeitweise aufgrund von weiteren Bauarbeiten auch zwischen Stuttgart Hbf und Schorndorf aus.</li><li>Die&nbsp;<strong>Linie S3</strong>&nbsp;verkehrt nur zwischen Backnang und Bad Cannstatt. Im Nachtverkehr nur zwischen Backnang und Winnenden.</li><li><strong>Ersatzverkehr mit Bussen:</strong><ul><li><strong>SEV1&nbsp;</strong>Stuttgart Hbf – Stuttgart-Vaihingen (Ersatz für die Linien S1-S3)</li><li><strong>S2E</strong> Stuttgart Hbf – Schorndorf</li><li><strong>S2E </strong>Stuttgart-Vaihingen, ZOB Bussteig 1 – Filderstadt</li><li><strong>S2X Expressbus </strong>Stuttgart-Vaihingen, Vollmoeller Straße – Flughafen/Messe (ohne Zwischenhalt)</li><li><strong>S3E</strong> Stuttgart Hbf – Winnenden</li></ul></li></ul><p>Bitte berücksichtigen Sie diese Abweichungen bei Ihrer Reiseplanung und informieren Sie sich vorab über Ihre Reiseverbindungen. Um keine kurzfristigen Änderungen zu verpassen, informieren Sie sich bitte auch unmittelbar vor Fahrtantritt in den digitalen Reiseauskunftsmedien unter&nbsp;bahn.de&nbsp;oder in der App DB Navigator.</p>";S 1, S 2, S 3, S 4, S 5;2025-11-15T00:00:00;2025-11-17T04:00:00;RisDisruptions;"Fahrplan Ersatzverkehr SEV1 Vaihingen-STD_15.11-17.11.25.pdf; Fahrplan Ersatzverkehr S2X_Vaihingen-Messe_15.-16.11.pdf; Fahrplan Ersatzverkehr S2E Vaihingen-Filderstadt_15.-17.11.pdf";Weitere Informationen;https://assets-ri.extranet.deutschebahn.com/regio_sbahn_stuttgart/2025-10-27/f7e275c3-1ac3-4237-b427-da24d874399ereisendenkarte_20250924-134246.png;;2;2025-10-30T03:55:28.756184;8006743, 8006642, 8005772, 8005776, 8006346, 8005769, 8001055, 8005773, 8000508, 8006699, 8002165, 8005779, 8003022, 8006331, 8006700, 8004528, 8003280, 8001921, 8005775, 8006513, 8004490, 8098096, 8003622, 8004496, 8005774, 8001785, 8002240, 8002448, 8004357, 8006277, 8001650, 8006698, 8000934, 8005157, 8000180, 8005768, 8005454, 8000016, 8004233, 8004333, 8003913, 8000873, 8005778, 8003853, 8000235, 8002065, 8005767, 8001967, 8001296, 8003411, 8003266, 8005820, 8000038, 8000302, 8005201, 8001689, 8001920, 8003282, 8002785, 8001974, 8005726, 8006485, 8000096, 8005424, 8001984, 8006479, 8005770, 8001827, 8000630;2025-10-30T04:57:09.044803
49c44219-cb51-438a-a06c-8dc7a2228df1;Einschränkungen im S-Bahnverkehr auf mehreren Linien aufgrund von Instandhaltungsarbeiten;In der Nacht 17./18. November, 22.00 bis 4.30 Uhr, finden Instandhaltungsarbeiten zwischen S-Vaihingen und Bad Cannstatt statt.;<ul><li><strong>S1 </strong>verkehrt in beiden Richtungen mit geändertem Linienverlauf: Herrenberg - Hauptbahnhof (oben) - (ohne Halt zwischen Hauptbahnhof (tief) und S-Vaihingen) - Kirchheim (T).</li><li><strong>S3 </strong>verkehrt in beiden Richtungen nur in den Abschnitten Backnang und Waiblingen sowie Vaihingen und Flughafen/Messe.</li><li><strong>S4</strong> verkehrt in beiden Richtungen nur zwischen Marbach und Stuttgart Hauptbahnhof (oben).</li><li><strong>S6</strong> verkehrt in beiden Richtungen nur zwischen Weil der Stadt und Stuttgart Hautbahnhof (oben).</li></ul><p>Bitte berücksichtigen Sie diese Abweichungen bei Ihrer Reiseplanung und informieren Sie sich vorab über Ihre Reiseverbindungen. Um keine kurzfristigen Änderungen zu verpassen, informieren Sie sich bitte auch unmittelbar vor Fahrtantritt in den digitalen Reiseauskunftsmedien unter bahn.de oder in der App DB Navigator.</p>;S 1, S 3, S 4, S 6;2025-11-17T22:00:00;2025-11-18T04:30:00;RisDisruptions;;weitere Informationen;https://assets-ri.extranet.deutschebahn.com/regio_sbahn_stuttgart/2025-10-28/142283e6-f359-47a8-ba10-cfc1c58f53c5reisendenkarte_20251013-091500.png;isInTimeInterval, isWeek;2;2025-10-30T03:55:28.756184;8006699, 8006513, 8006700, 8005779, 8001974, 8005769, 8006698, 8005776, 8098096, 8000180;2025-10-30T04:57:09.044860
44cc7cb2-833e-4a75-af37-57271eab9c75;Stuttgart-Vaihingen <> Filderstadt: Zugausfälle und Ersatzverkehr mit Bussen;In der Nacht 20./21. November, von 21.45 Uhr bis 1.00 Uhr finden zwischen Stuttgart-Vaihingen und Filderstadt Instandhaltungsarbeiten statt.;"<ul><li>Die <strong>Linie S2 </strong>fällt zwischen Stuttgart-Vaihingen und Filderstadt aus.</li><li>Die <strong>Linie S3 </strong>fällt zwischen Stuttgart-Vaihingen und Flughafen/Messe aus.</li><li>Zwischen Stuttgart-Vaihingen und Flughafen/Messe bzw. Filderstadt verkehrt ein <strong>Ersatzverkehr mit Bussen (S2E)</strong>.</li></ul><p>Bitte berücksichtigen Sie diese Abweichungen bei Ihrer Reiseplanung und informieren Sie sich vorab über Ihre Reiseverbindungen. Um keine kurzfristigen Änderungen zu verpassen, informieren Sie sich bitte auch unmittelbar vor Fahrtantritt in den digitalen Reiseauskunftsmedien unter&nbsp;bahn.de&nbsp;oder in der App DB Navigator.</p>";S 2, S 3;2025-11-20T21:45:00;2025-11-21T01:00:00;RisDisruptions;;Weitere Informationen;https://assets-ri.extranet.deutschebahn.com/regio_sbahn_stuttgart/2025-10-14/a6a7780f-c1c2-4f49-806b-d799ceafeb03reisendenkarte_20250923-082824.png;isInTimeInterval, isWeek;2;2025-10-30T03:55:28.756184;8003622, 8005773, 8005776, 8001650, 8001984, 8004496, 8005768;2025-10-30T04:57:09.044888
35f66c5f-8481-4043-950d-a1511f8ba029;Plochingen > Bad Cannstatt: Haltausfälle und Ersatzverkehr mit Bussen;In der Nacht 20./21. November, 22 bis 5 Uhr, finden zwischen Plochingen und Bad Cannstatt Instandhaltungsarbeiten statt. ;"<ol><li>Linie <strong>S1 in Richtung Bad Cannstatt </strong>verkehrt ohne Halt in Esslingen-Mettingen, Obertürkheim, Untertürkheim und Neckarpark.</li></ol><ul><li>Zwischen 22 Uhr und 4.45 Uhr fährt ein <strong>Ersatzverkehr mit Bussen</strong> <strong>(S1E) </strong>zwischen Esslingen und Bad Cannstatt.</li><li>Bitte beachten Sie die frühere Abfahrtszeit des Busses in Esslingen um 3.41 Uhr (Ankunft in Bad Cannstatt um 4.15 Uhr) . Hierdurch wird in Bad Cannstatt der Anschluss an die S3-Flughafenfrühanbindung um 4:26 erreicht.</li></ul><p>Bitte berücksichtigen Sie diese Abweichungen bei Ihrer Reiseplanung und informieren Sie sich vorab über Ihre Reiseverbindungen. Um keine kurzfristigen Änderungen zu verpassen, informieren Sie sich bitte auch unmittelbar vor Fahrtantritt in den digitalen Reiseauskunftsmedien unter&nbsp;bahn.de&nbsp;oder in der App DB Navigator.</p>";S 1;2025-11-20T22:00:00;2025-11-21T05:00:00;RisDisruptions;Fahrplan S1E Esslingen - Bad Cannstatt.pdf;weitere Informationen;https://assets-ri.extranet.deutschebahn.com/regio_sbahn_stuttgart/2025-10-28/71f83bc7-993b-4910-b97b-80c9fe140814reisendenkarte_20251014-122454.png;isInTimeInterval, isWeek;2;2025-10-30T03:55:28.756184;8001920, 8005772, 8001921, 8005769, 8005775;2025-10-30T04:57:09.044913
b8130289-c363-43d9-9e36-aba95c0309cc;Waiblingen <> Backnang: Zugausfälle und Ersatzverkehr mit Bussen;Im Zeitraum vom 21. November, ca. 20.30 Uhr bis 1. Dezember 2025 finden zwischen Waiblingen und Backnang Bahnsteig- und Gleisbauarbeiten statt. Es kommt zu folgenden Einschränkungen:;"<ul><li>Die <strong>Linie S3 verkehrt nur im 30-Minuten-Takt </strong>und <strong>fällt zwischen Waiblingen und Backnang aus.</strong></li><li><strong>Ersatzverkehr mit Bussen:</strong><ul><li>S3E Waiblingen, Dammstraße – Backnang, ZOB Bussteig 2c</li><li>Expressbus für MEX 19 Backnang, ZOB Bussteig 2c – Stuttgart, Arnulf-Klett-Platz (ohne Zwischenhalt)</li></ul></li></ul><p>Bitte beachten Sie, dass es auch im Regionalverkehr zu Einschränkungen und Fahrplanabweichungen kommt.</p><p>Bitte berücksichtigen Sie diese Abweichungen bei Ihrer Reiseplanung und informieren Sie sich vorab über Ihre Reiseverbindungen. Um keine kurzfristigen Änderungen zu verpassen, informieren Sie sich bitte auch unmittelbar vor Fahrtantritt in den digitalen Reiseauskunftsmedien unter&nbsp;bahn.de&nbsp;oder in der App DB Navigator.</p>";S 3;2025-11-21T00:00:00;2025-12-01T00:00:00;RisDisruptions;;weitere Informationen;https://assets-ri.extranet.deutschebahn.com/regio_sbahn_stuttgart/2025-10-28/d9fa92c5-0d31-4a03-9e95-a87474100d70reisendenkarte_20250820-125648.png;;2;2025-10-30T03:55:28.756184;8006699, 8005774, 8005454, 8001650, 8005776, 8004496, 8005779, 8005769, 8003622, 8004357, 8006700, 8000016, 8000180, 8004233, 8004333, 8006513, 8003913, 8001974, 8005773, 8006479, 8098096, 8005768, 8006698;2025-10-30T04:57:09.044939
d60e7eca-146e-4154-8717-c2902b3930f5;Esslingen > Bad Cannstatt: Haltausfälle und Ersatzverkehr mit Bussen;In der Nacht 24./25. November finden zwischen Esslingen und Bad Cannstatt Brückenarbeiten statt.;"<ul><li><strong>S1 in Richtung Herrenberg</strong> verkehrt <strong>ohne Halt in Mettingen, Obertürkheim, Untertürkheim und Neckarpark</strong>.</li><li>Zwischen Esslingen und Bad Cannstatt fährt ein <strong>Ersatzverkehr mit Bussen (S1E)</strong>.</li></ul><p>Bitte berücksichtigen Sie diese Abweichungen bei Ihrer Reiseplanung und informieren Sie sich vorab über Ihre Reiseverbindungen. Um keine kurzfristigen Änderungen zu verpassen, informieren Sie sich bitte auch unmittelbar vor Fahrtantritt in den digitalen Reiseauskunftsmedien unter&nbsp;bahn.de&nbsp;oder in der App DB Navigator.</p>";S 1;2025-11-24T23:00:00;2025-11-25T01:30:00;RisDisruptions;;weitere Informationen;https://assets-ri.extranet.deutschebahn.com/regio_sbahn_stuttgart/2025-10-28/9c3eba53-e994-4294-af7e-37ce6bd91996reisendenkarte_20251028-092558.png;isInTimeInterval, isWeek;2;2025-10-30T03:55:28.756184;8005772, 8001921, 8001920, 8005775;2025-10-30T04:57:09.044967
6842e6cb-11eb-419e-9b19-4bf682779733;Zuffenhausen <> S-Schwabstraße sowie Backnang/Marbach <> Ludwigsburg und Bietigheim <> Nordbahnhof: Haltausfälle und Ersatzverkehr mit Bussen;In der Nacht 27./28. November, 22 bis ca. 4.30 Uhr, finden zwischen S-Hauptbahnhof bzw. Asperg und Pragtunnel Bauarbeiten statt.;"<p>Es kommt zu folgenden Fahrplanabweichungen:</p><ul><li>Linie <strong>S4 </strong>verkehrt nur zwischen Backnang/Marbach und Ludwigsburg.</li><li>Linie <strong>S5 in Richtung S-Hauptbahnhof</strong> verkehrt ohne Halt in Asperg, Kornwestheim und Feuerbach.</li><li><strong>Am 28.11. fährt um 3:38 Uhr ein Ersatzverkehr mit Bussen (S5E)</strong> von Ludwigsburg Arena nach Zuffenhausen. Damit wird die Flughafenfrühanbindung in Zuffenhausen erreicht.</li><li>Linie <strong>S6 </strong>verkehrt nur zwischen Weil der Stadt und Zuffenhausen.</li><li><strong>Am 28.11. fährt um 0.40 Uhr ein Ersatzverkehr mit Bussen (S6E) </strong>von Zuffenhausen Bahnhof, Bussteig 5, nach S-Hauptbahnhof.</li></ul><p>Bitte berücksichtigen Sie diese Abweichungen bei Ihrer Reiseplanung und informieren Sie sich vorab über Ihre Reiseverbindungen. Um keine kurzfristigen Änderungen zu verpassen, informieren Sie sich bitte auch unmittelbar vor Fahrtantritt in den digitalen Reiseauskunftsmedien unter&nbsp;bahn.de&nbsp;oder in der App DB Navigator.</p>";S 4, S 5, S 6;2025-11-27T21:30:00;2025-11-28T05:00:00;RisDisruptions;"Fahrplan S5E Ludwigsburg - Zuffenhausen.pdf; Fahrplan S6E Zuffenhausen - Stuttgart 28.11.pdf";;https://assets-ri.extranet.deutschebahn.com/regio_sbahn_stuttgart/2025-10-28/b231c802-8720-4cfd-85eb-941073edf685reisendenkarte_20250828-161646.png;isInTimeInterval, isWeek;2;2025-10-30T03:55:28.756184;8006699, 8006700, 8005820, 8000038, 8000235, 8005767, 8003411, 8005778, 8006698, 8098096, 8000630, 8005770;2025-10-30T04:57:09.044989
