ID;Überschrift;Kurztext;Text;Linien;Startdatum;Enddatum;Quelle;Anhänge;Links;Bild;Kategorien;Nachrichtentypen;Zeitstempel;Betroffene Haltestellen;Aktualisierungszeit
1228a9cf-fb6f-4b7a-b68e-744328803ec1;Instandhaltungsarbeiten und Zugausfälle auf den Linien S1 bis S5.;Die Deutsche Bahn führt kurzfristig noch mehrere Bauarbeiten in S-Vaihingen und Ludwigsburg durch. Um zusätzliche Auswirkungen für Schüler und Berufspendler möglichst gering zu halten, finden diese Bauarbeiten in der letzten Ferienwoche von 6. bis 13. September statt.;"<p><strong>Die S-Bahnen der Linien&nbsp;S1, S2, S3, S4 und S5 verkehren&nbsp;nur im 30-Minuten-Takt</strong>.</p><p>Für eine bessere Anbindung zum Flughafen und zur Messe verkehren die S-Bahnen der&nbsp;<strong>Linie S3 tagsüber bis/ab Flughafen/Messe</strong>.</p><p>Bitte beachten Sie, dass es ab dem 13. September zu weiteren Fahrplanabweichungen aufgrund von Bauarbeiten im Netz der S-Bahn Stuttgart kommt.</p><p>Bitte berücksichtigen Sie diese Abweichungen bei Ihrer Reiseplanung und informieren Sie sich vorab über Ihre Reiseverbindungen. Um keine kurzfristigen Änderungen zu verpassen, informieren Sie sich bitte auch unmittelbar vor Fahrtantritt in den digitalen Reiseauskunftsmedien unter&nbsp;bahn.de&nbsp;oder in der App DB Navigator.</p>";S 1, S 2, S 3, S 4, S 5;2025-09-06T07:30:00;2025-09-13T20:00:00;RisDisruptions;;weitere Informationen;https://assets-ri.extranet.deutschebahn.com/regio_sbahn_stuttgart/2025-08-15/ca330377-9ead-4dd0-a1e2-970260918499reisendenkarte_20250811-122800.png;;2;2025-09-12T16:54:42.005146;8005776, 8005779, 8000235, 8005773, 8001967, 8003411, 8000630;2025-09-12T18:56:16.903337
a74c787f-045e-44c9-b4ca-39c3215a25d9;Taktausdünnung auf den Linien S1 bis S3;Im Gesamtzeitraum von 13. September bis 17. Oktober kommt es bei den Linien S1-S3 aufgrund von Gleiserneuerungen zwischen Esslingen(N) und Bad Cannstatt zu folgenden Angebotseinschränkungen:;"<p><strong>Samstag, 13. September bis Donnerstag, 25. September 2025</strong></p><ul><li>Die <strong>Linie S1</strong> verkehrt zwischen Kirchheim(T) und Herrenberg im 30-Minuten-Takt.</li><li>Zwischen Stuttgart-Vaihingen und Herrenberg wird sie tagsüber (Mo-Fr. 6 Uhr bis 20.30 Uhr und Sa. 8.30 Uhr bis 20.30 Uhr) durch weitere Fahrten zum 15-Minuten-Takt ergänzt.</li><li>Die <strong>Linie S2</strong> verkehrt zwischen Schorndorf und Filderstadt nur im 30-Minuten-Takt.</li><li>Die <strong>Linie S3</strong> verkehrt zwischen Backnang und Flughafen/Messe im 30-Minuten-Takt.</li></ul><p></p><p><strong>Freitag, 26. September bis Sonntag, 12. Oktober 2025 (während dem Cannstatter Volksfest zusätzlicher 15-Minuten-Takt auf der Linie S2 und S3)</strong></p><ul><li>Die <strong>Linie S1</strong> verkehrt zwischen Kirchheim(T) und Herrenberg im 30-Minuten-Takt.</li><li>Zwischen Stuttgart-Vaihingen und Herrenberg wird sie tagsüber (Mo-Fr. 6 Uhr bis 20.30 Uhr und Sa. 8.30 Uhr bis 20.30 Uhr) durch weitere Fahrten zum 15-Minuten-Takt ergänzt.</li><li>Die <strong>Linie S2</strong> verkehrt zwischen Schorndorf und Filderstadt nur im 30-Minuten-Takt.</li><li>Von Waiblingen in Fahrtrichtung Stuttgart-Vaihingen wird sie (Mo-Fr. 6 Uhr bis 0 Uhr und am Wochenende bis 1 Uhr) durch weitere Fahrten zum 15-Minuten-Takt ergänzt.</li><li>Die <strong>Linie S3</strong> verkehrt zwischen Backnang und Flughafen/Messe im 30-Minuten-Takt.</li><li>Von Stuttgart-Vaihingen in Fahrtrichtung Waiblingen wird sie (Mo-Fr. 6 Uhr bis 0 Uhr und am Wochenende bis 0.30 Uhr) durch weitere Fahrten zum 15-Minuten-Takt ergänzt.</li></ul><p></p><p><strong>Montag, 13. Oktober bis Freitag, 17. Oktober 2025&nbsp;</strong></p><ul><li>Die <strong>Linie S1</strong> verkehrt zwischen Kirchheim(T) und Herrenberg im 30-Minuten-Takt.</li><li>Zwischen Stuttgart-Vaihingen und Herrenberg wird sie tagsüber (Mo-Fr. 6 Uhr bis 20.30 Uhr und Sa. 8.30 Uhr bis 20.30 Uhr) durch weitere Fahrten zum 15-Minuten-Takt ergänzt.</li><li>Die <strong>Linie S2</strong> verkehrt zwischen Schorndorf und Filderstadt nur im 30-Minuten-Takt.</li><li>Die <strong>Linie S3</strong> verkehrt zwischen Backnang und Flughafen/Messe im 30-Minuten-Takt.</li></ul><p></p><p>Bitte berücksichtigen Sie diese Abweichungen bei Ihrer Reiseplanung und informieren Sie sich vorab über Ihre Reiseverbindungen. Um keine kurzfristigen Änderungen zu verpassen, informieren Sie sich bitte auch unmittelbar vor Fahrtantritt in den digitalen Reiseauskunftsmedien unter&nbsp;bahn.de&nbsp;oder in der App DB Navigator.</p>";S 1, S 2, S 3;2025-09-13T01:30:00;2025-10-17T21:00:00;RisDisruptions;;weitere Informationen;https://assets-ri.extranet.deutschebahn.com/regio_sbahn_stuttgart/2025-08-19/573b1109-f886-49a6-80b9-637aac037112reisendenkarte_20250812-090426.png;;2;2025-09-12T16:54:42.005146;8006743, 8006642, 8005772, 8005776, 8005769, 8006346, 8001055, 8005773, 8000508, 8006699, 8002165, 8005779, 8003022, 8006331, 8006700, 8004528, 8000096, 8003280, 8001921, 8005775, 8006513, 8004490, 8002785, 8004496, 8001650, 8000934, 8001974, 8004357, 8006485, 8005726, 8002240, 8002448, 8003622, 8000180, 8005157, 8006277, 8001984, 8005774, 8005454, 8000016, 8004233, 8004333, 8003913, 8000302, 8098096, 8005201, 8001689, 8001920, 8006698, 8003282, 8005768, 8001785, 8005424, 8006479;2025-09-12T18:56:16.903383
e355d1ce-b3db-441f-9620-af15006829f8;Einschränkungen im S-Bahnverkehr auf mehreren Linien aufgrund von Instandhaltungsarbeiten;In der Nacht 15./16. September, 22.00 bis 4.30 Uhr, finden Instandhaltungsarbeiten zwischen S-Vaihingen und Bad Cannstatt statt.;"<ul><li><strong>S1 </strong>verkehrt in beiden Richtungen mit geändertem Linienverlauf: Herrenberg - Hauptbahnhof (oben) - (ohne Halt zwischen Hauptbahnhof (tief) und S-Vaihingen) - Kirchheim (T).</li><li><strong>S3 </strong>verkehrt in beiden Richtungen nur in den Abschnitten Backnang und Waiblingen sowie Vaihingen und Flughafen/Messe.</li><li><strong>S4</strong> verkehrt in beiden Richtungen nur zwischen Marbach und Stuttgart Hauptbahnhof (oben).</li><li><strong>S6</strong> verkehrt in beiden Richtungen nur zwischen Weil der Stadt und Stuttgart Hautbahnhof (oben).</li></ul><p>Bitte beachten Sie, dass es im September wegen Bauarbeiten im Netz der S-Bahn Stuttgart zu weiteren Fahrplanabweichungen kommt.</p><p>Bitte berücksichtigen Sie diese Abweichungen bei Ihrer Reiseplanung und informieren Sie sich vorab über Ihre Reiseverbindungen. Um keine kurzfristigen Änderungen zu verpassen, informieren Sie sich bitte auch unmittelbar vor Fahrtantritt in den digitalen Reiseauskunftsmedien unter&nbsp;bahn.de&nbsp;oder in der App DB Navigator.</p>";S 1, S 3, S 4, S 6;2025-09-15T22:00:00;2025-09-16T04:30:00;RisDisruptions;;weitere Informationen;https://assets-ri.extranet.deutschebahn.com/regio_sbahn_stuttgart/2025-08-15/eee240af-bb26-4069-a190-45fa85f10f6creisendenkarte_20250807-105252.png;isInTimeInterval, isWeek;2;2025-09-12T16:54:42.005146;8006699, 8006513, 8006700, 8005779, 8001974, 8005769, 8006698, 8005776, 8098096, 8000180;2025-09-12T18:56:16.903455
0f544825-455f-4c72-92f3-1b4b762db9ce;Sindelfingen <> Böblingen: Haltausfall und Ersatzverkehr mit Bussen;In der Nacht 15./16. September finden zwischen Sindelfingen und Böblingen Schienenarbeiten statt. ;"<ul><li><strong>S60</strong> verkehrt zwischen 22 und ca. 0.15 Uhr nur zwischen Renningen und Sindelfingen.</li><li>Zwischen Sindelfingen und Böblingen fährt ein <strong>Ersatzverkehr mit Bussen (S60E)</strong>. Bitte beachten Sie die früheren Abfahrtszeiten der Busse in Böblingen.</li></ul><p>Bitte berücksichtigen Sie diese Abweichungen bei Ihrer Reiseplanung und informieren Sie sich vorab über Ihre Reiseverbindungen. Um keine kurzfristigen Änderungen zu verpassen, informieren Sie sich bitte auch unmittelbar vor Fahrtantritt in den digitalen Reiseauskunftsmedien unter&nbsp;bahn.de&nbsp;oder in der App DB Navigator.</p>";S 60;2025-09-15T22:00:00;2025-09-16T00:15:00;RisDisruptions;Fahrplan S60E Sindelfingen - Böblingen.pdf;weitere Informationen;https://assets-ri.extranet.deutschebahn.com/regio_sbahn_stuttgart/2025-08-15/33bc7e61-3c50-4bcb-84f6-c374a99dcb01reisendenkarte_20250812-155042.png;isInTimeInterval, isWeek;2;2025-09-12T16:54:42.005146;8005574, 8001055;2025-09-12T18:56:16.903491
57ee2c0f-8995-492f-bb7f-fb38894af3f2;Weil der Stadt <> Renningen: Zugausfälle und Ersatzverkehr mit Bussen;In der Nacht 16. September von 1 Uhr bis 4.20 Uhr finden zwischen Weil der Stadt und Renningen Weichenarbeiten statt.;"<ul><li>Die <strong>Linie S6</strong> verkehrt <strong>nur zwischen Schwabstraße und Renningen</strong>.</li><li><strong>Zwischen Renningen und Weil der Stadt </strong>verkehrt ein <strong>Ersatzverkehr mit Bussen (S6E)</strong>.</li></ul><p>Bitte berücksichtigen Sie diese Abweichungen bei Ihrer Reiseplanung und informieren Sie sich vorab über Ihre Reiseverbindungen. Um keine kurzfristigen Änderungen zu verpassen, informieren Sie sich bitte auch unmittelbar vor Fahrtantritt in den digitalen Reiseauskunftsmedien unter&nbsp;bahn.de&nbsp;oder in der App DB Navigator.</p>";S 6;2025-09-16T01:00:00;2025-09-16T04:20:00;RisDisruptions;Fahrplan Ersatzverkehr S6E.pdf;Weitere Informationen;https://assets-ri.extranet.deutschebahn.com/regio_sbahn_stuttgart/2025-09-09/0240a989-a93e-4f59-8c14-8ca5d7c6d50ereisendenkarte_20250829-112113.png;isInTimeInterval, isWeek;2;2025-09-12T16:54:42.005146;8003831, 8006271, 8000313;2025-09-12T18:56:16.903556
3697f577-4222-43ce-a67f-04c360a92436;Stuttgart Hauptbahnhof <> Ludwigsburg/Bietigheim: Haltausfälle und Ersatzverkehr mit Bussen;In den Nächten 16./17. und 17./18. September finden Instandhaltungsarbeiten zwischen Stuttgart-Hauptbahnhof und Ludwigsburg statt. es kommt zu folgenden Einschränkungen:;"<p><strong>Auf der Linie S4:</strong></p><p>In den Nächten<strong> 16./17. und 17./18. September</strong>, jeweils 22 bis ca. 1.30 Uhr:</p><ul><li><strong>S4 </strong>verkehrt in beiden Richtungen nur zwischen Backnang/Marbach und Ludwigsburg.</li></ul><p><strong>Auf der Linie S5:</strong></p><p>In der Nacht <strong>16./17. September</strong>, ab 21.30 bis 1.30 Uhr:</p><ul><li><strong>S5 </strong>verkehrt in beiden Richtungen nur zwischen S-Hauptbahnhof oben und Bietigheim</li><li><strong>S5 </strong>in Richtung Bietigheim verkehrt ohne Halt in Feuerbach und Nordbahnhof sowie in Asperg und Tamm.</li><li>Zwischen 0 und 1.30 Uhr fährt ein <strong>Ersatzverkehr mit Bussen (S5E)</strong> zwischen Ludwigsburg und Bietigheim.</li></ul><p>In der Nacht <strong>17./18. September</strong>, 22 bis 1.30 Uhr:</p><ul><li><strong>S5</strong> verkehrt in beiden Richtungen nur zwischen S-Hauptbahnhof oben und Bietigheim</li><li><strong>S5 </strong>in Richtung Bietigheim verkehrt ohne Halt in Feuerbach und Nordbahnhof.</li></ul><p><strong>Auf der Linie S6: </strong></p><p>In der Nacht <strong>16./17. September</strong>, ab 22.30 bis 1.30 Uhr:</p><ul><li><strong>S6 </strong>verkehrt in beiden Richtungen nur zwischen Weil der Stadt und Zuffenhausen.</li><li>Zwischen Zuffenhausen und S-Hauptbahnhof fährt ein<strong> Ersatzverkehr mit Bussen (S6E)</strong>.</li></ul><p>Bitte berücksichtigen Sie diese Abweichungen bei Ihrer Reiseplanung und informieren Sie sich vorab über Ihre Reiseverbindungen. Um keine kurzfristigen Änderungen zu verpassen, informieren Sie sich bitte auch unmittelbar vor Fahrtantritt in den digitalen Reiseauskunftsmedien unter&nbsp;bahn.de&nbsp;oder in der App DB Navigator.</p>";S 4, S 5, S 6;2025-09-16T22:00:00;2025-09-18T01:30:00;RisDisruptions;"Fahrplan S5E Ludwigsburg - Bietigheim.pdf; Fahrplan S6E Zuffenhausen - S-Hauptbahnhof.pdf";Weitere Informationen;https://assets-ri.extranet.deutschebahn.com/regio_sbahn_stuttgart/2025-08-28/97e1ca9d-10e5-43df-bc0b-da7763929b53reisendenkarte_20250826-110022.png;isWeek;2;2025-09-12T16:54:42.005146;8000235, 8005820, 8000038, 8005767, 8000096, 8003411, 8005778, 8004338, 8001967, 8000630, 8005770;2025-09-12T18:56:16.903585
2c84bdec-ec2d-44fe-9134-eb06870a5b13;S-Vaihingen <> Herrenberg: Einzelner Zugausfall und Ersatzverkehr mit Bussen ;In der Nacht 16./17. September finden zwischen Sindelfingen und Böblingen Schienenarbeiten statt. ;"<p><strong>S1 mit Abfahrt in S-Vaihingen um 01:20 Uhr, entfällt zwischen S-Vaihingen und Herrenberg</strong>.</p><p>Zwischen S-Vaihingen und Herrenberg fährt ein <strong>Ersatzverkehr mit Bussen (S1E)</strong>.</p><p>Bitte berücksichtigen Sie diese Abweichungen bei Ihrer Reiseplanung und informieren Sie sich vorab über Ihre Reiseverbindungen. Um keine kurzfristigen Änderungen zu verpassen, informieren Sie sich bitte auch unmittelbar vor Fahrtantritt in den digitalen Reiseauskunftsmedien unter&nbsp;bahn.de&nbsp;oder in der App DB Navigator.</p>";S 1;2025-09-17T01:15:00;2025-09-17T01:45:00;RisDisruptions;Fahrplan S1E Vaihingen - Herrenberg.pdf;;https://assets-ri.extranet.deutschebahn.com/regio_sbahn_stuttgart/2025-08-18/9a9af33d-2f42-4689-a212-99a9292c84f0reisendenkarte_20250814-100702.png;isInTimeInterval, isWeek;2;2025-09-12T16:54:42.005146;8002165, 8001055, 8003022, 8005776, 8005773, 8001689, 8004490, 8005201, 8002785;2025-09-12T18:56:16.903633
a1d9f491-874f-487b-a4c9-180bf9720aa4;Wendlingen(N)<>Kirchheim(T) - Fahrtausfälle und Ersatzverkehr mit Bussen;In den Nächten 17./18. und 18./19. September, arbeitet DB InfraGO kurzfristig an Gleisen zwischen Wendlingen(N) und Kirchheim(T).;<p>Im Zeitraum von circa 21 Uhr bis 4.30 Uhr <strong>entfällt S1 zwischen Wendlingen(N) und Kirchheim(T)</strong>.</p><p></p><p>Zwischen Wendlingen(N) und Kirchheim(T) fährt ein <strong>Ersatzverkehr mit Bussen (S1E)</strong>. Bitte beachten Sie die Abfahrtszeiten der Busse. </p><p>Von Wendlingen(N) nach Kirchheim(T) fahren die Busse</p><ul><li>ab Wendlingen(N) zur Minute '10</li><li>ab Ötlingen, Bahnhof zur Minute '17</li><li>Ankunft in Kirchheim(T), ZOB zur Minute '26</li></ul><p>Von Kirchheim(T) nach Wendlingen(N) fahren die Busse</p><ul><li>ab Kirchheim(T) zur Minute '20</li><li>ab Ötlingen, Bahnhof zur Minute '29</li><li>Ankunft in Wendlingen(N) zur Minute '37</li></ul><p>Die Busverbindung um 0.20 Uhr von Kirchheim(T) nach Wendlingen(N) verkehrt bis nach Plochingen (ZOB), Ankunft um 0.54 Uhr mit Halt in Wernau (N), Bahnhof um 0.47 Uhr.</p><p></p><p>Bitte berücksichtigen Sie diese Abweichungen bei Ihrer Reiseplanung. Aufgrund der Kurzfristigkeit werden die elektronischen Reiseauskunftsmedien noch überarbeitet. Bitte informieren Sie sich unmittelbar vor Fahrtantritt über Ihre Reiseverbindung in den elektronischen Reiseauskunftsmedien.</p>;S 1;2025-09-17T21:00:00;2025-09-19T04:30:00;RisDisruptions;Fahrplan S1E.pdf;weitere Informationen;https://assets-ri.extranet.deutschebahn.com/regio_sbahn_stuttgart/2025-09-12/3324026d-fd43-47dd-930f-b0763e754fb6reisendenkarte_20250912-170709.png;isWeek;2;2025-09-12T16:54:42.005146;8003282, 8006346, 8006331, 8003280;2025-09-12T18:56:16.903659
e0613b47-c436-49af-beec-793377b0e143;Einschränkungen im S-Bahnverkehr auf mehreren Linien aufgrund von Instandhaltungsarbeiten;In der Nacht 22./23. September, 22.00 bis 4.30 Uhr, finden Instandhaltungsarbeiten zwischen S-Vaihingen und Bad Cannstatt statt.;<ul><li><strong>S1 </strong>verkehrt in beiden Richtungen mit geändertem Linienverlauf: Herrenberg - Hauptbahnhof (oben) - (ohne Halt zwischen Hauptbahnhof (tief) und S-Vaihingen) - Kirchheim (T).</li><li><strong>S3 </strong>verkehrt in beiden Richtungen nur in den Abschnitten Backnang und Waiblingen sowie Vaihingen und Flughafen/Messe.</li><li><strong>S4</strong> verkehrt in beiden Richtungen nur zwischen Marbach und Stuttgart Hauptbahnhof (oben).</li><li><strong>S6</strong> verkehrt in beiden Richtungen nur zwischen Weil der Stadt und Stuttgart Hautbahnhof (oben).</li></ul><p>Bitte berücksichtigen Sie diese Abweichungen bei Ihrer Reiseplanung und informieren Sie sich vorab über Ihre Reiseverbindungen. Um keine kurzfristigen Änderungen zu verpassen, informieren Sie sich bitte auch unmittelbar vor Fahrtantritt in den digitalen Reiseauskunftsmedien unter bahn.de oder in der App DB Navigator.</p>;S 1, S 3, S 4, S 6;2025-09-22T22:00:00;2025-09-23T04:30:00;RisDisruptions;;Weitere Informationen;https://assets-ri.extranet.deutschebahn.com/regio_sbahn_stuttgart/2025-08-28/49919827-dd68-45b0-8658-c8f412459818reisendenkarte_20250814-155838.png;isInTimeInterval, isWeek;2;2025-09-12T16:54:42.005146;8006699, 8006513, 8006700, 8005779, 8004357, 8005774, 8001974, 8005769, 8006698, 8005776, 8098096, 8000180;2025-09-12T18:56:16.903709
40706de7-3f58-44f9-9be1-e308d7247984;Stuttgart-Vaihingen <> Filderstadt: Zugausfälle und Ersatzverkehr mit Bussen;Im Gesamtzeitraum 25. September bis 21. November 2025 finden in drei Nächten zwischen Stuttgart-Vaihingen und Filderstadt Instandhaltungsarbeiten statt.;"<p><strong>In der Nacht 25./26 September, von 21.45 Uhr bis 1.00 Uhr</strong></p><ul><li>Die <strong>Linie S1 Richtung Herrenberg</strong> hält nicht Stuttgart-Rohr.</li><li>Die <strong>Linie S2 </strong>fällt zwischen Stuttgart-Vaihingen und Filderstadt aus.</li><li>Die <strong>Linie S3 </strong>fällt zwischen Stuttgart-Vaihingen und Flughafen/Messe aus.</li><li>Zwischen Stuttgart-Vaihingen und Flughafen/Messe bzw. Filderstadt verkehrt ein <strong>Ersatzverkehr mit Bussen (S2E)</strong>.</li></ul><p><strong>Bitte beachten Sie, dass diese Baumaßnahme in den Nächten</strong> <strong>23./24. Oktober und 20./21. November, jeweils von 21.45 Uhr bis 1.00 Uhr wiederholt wird.</strong></p><p>Bitte berücksichtigen Sie diese Abweichungen bei Ihrer Reiseplanung und informieren Sie sich vorab über Ihre Reiseverbindungen. Um keine kurzfristigen Änderungen zu verpassen, informieren Sie sich bitte auch unmittelbar vor Fahrtantritt in den digitalen Reiseauskunftsmedien unter&nbsp;bahn.de&nbsp;oder in der App DB Navigator.</p>";S 1, S 2, S 3;2025-09-25T21:45:00;2025-09-26T01:00:00;RisDisruptions;;Weitere Informationen;https://assets-ri.extranet.deutschebahn.com/regio_sbahn_stuttgart/2025-08-26/e05fef0c-2773-4bd0-bf45-bb271475f8e2reisendenkarte_20250822-091550.png;isInTimeInterval, isWeek;2;2025-09-12T16:54:42.005146;8005776, 8005773, 8003622, 8001650, 8001984, 8005201, 8004496, 8005768;2025-09-12T18:56:16.903757
446a247b-65f4-4444-960c-f1c01e5814e0;Ludwigsburg <> Stuttgart Nordbahnhof: Haltausfälle und Ersatzverkehr mit Bussen;In den Nächten von 28. September bis 8. Oktober finden zwischen Ludwigsburg und Stuttgart Nordbahnhof Schienenschleifarbeiten statt. Es kommt zeitweise zu folgenden Einschränkungen:;"<p><strong>In den Nächten 30. September und 1. Oktober, jeweils zwischen 4 Uhr und 4.20 Uhr</strong></p><ul><li>Die <strong>Linien S4 und S5</strong> <strong>Richtung Stuttgart Schwabstraße</strong> hält nicht in Kornwestheim und Feuerbach.</li></ul><p><strong>In den Nächten 30. September und 1. Oktober, jeweils zwischen 22 Uhr und 0.10 Uhr</strong></p><ul><li>Die <strong>Linie S4 Richtung Marbach(N)/Backnang</strong> hält nicht in Feuerbach.</li><li>Die <strong>Linie S5 Richtung Bietigheim-Bissingen</strong> hält nicht in Feuerbach.</li></ul><p><strong>In den Nächten 1. Oktober und 2. Oktober, jeweils zwischen 0 Uhr und 1.20 Uhr</strong></p><ul><li>Die&nbsp;<strong>Linie S4 Richtung Marbach(N)/Backnang</strong>&nbsp;hält nicht in Feuerbach.</li><li>Die <strong>Linie S5 Richtung Bietigheim-Bissingen</strong> hält nicht in Feuerbach.</li></ul><p><strong>In den Nächten 5. bis 7. Oktober, jeweils ab 22 Uhr bis 0.20 Uhr</strong></p><ul><li>Die <strong>Linien S4 und S5</strong> <strong>Richtung Stuttgart Schwabstraße</strong> hält nicht in Kornwestheim und Feuerbach.</li></ul><p><strong>Ersatzverkehr mit Bussen in der Nacht 30. September und 1. Oktober</strong></p><ul><li><strong>S4E </strong>(zur Flughafenfrühanbindung) Ludwigsburg Arena (ab 3.48 Uhr) nach Stuttgart-Zuffenhausen (an 4.12 Uhr)</li></ul><p>Bitte nutzen Sie alternativ die S-Bahnen der Gegenrichtung.</p><p>Bitte berücksichtigen Sie diese Abweichungen bei Ihrer Reiseplanung und informieren Sie sich vorab über Ihre Reiseverbindungen. Um keine kurzfristigen Änderungen zu verpassen, informieren Sie sich bitte auch unmittelbar vor Fahrtantritt in den digitalen Reiseauskunftsmedien unter&nbsp;bahn.de&nbsp;oder in der App DB Navigator.</p>";S 4, S 5;2025-09-28T22:00:00;2025-10-08T04:00:00;RisDisruptions;Fahrplan Ersatzverkehr S4E_Ludwigsburg-Zuffenhausen.pdf;;https://assets-ri.extranet.deutschebahn.com/regio_sbahn_stuttgart/2025-09-10/4fe592a2-6841-4e19-8c80-a140f24aa9dereisendenkarte_20250910-112949.png;;2;2025-09-12T16:54:42.005146;8000235, 8003411, 8005770, 8005778, 8005767;2025-09-12T18:56:16.903792
58367a1a-247f-4ab6-aa86-eedb23724b30;Schwabstraße <> Bietigheim-Bissingen: Zugausfälle und Ersatzverkehr mit Bussen;In den Nächten 14./15. Oktober und 15./16. Oktober, jeweils von 22 .00 Uhr bis 5.00 Uhr finden zwischen Stuttgart Hbf und Bietigheim-Bissingen Instandhaltungsarbeiten statt.;"<p><strong>In der Nacht 14./15. Oktober</strong></p><ul><li>Die <strong>Linie S5</strong> verkehrt nur zwischen Bietigheim-Bissingen und Stuttgart Hbf (oben).&nbsp;</li><li>In der Fahrtrichtung von Stuttgart nach Bietigheim-Bissingen entfallen zudem die Halte S-Nordbahnhof, S-Feuerbach, Asperg und Tamm.</li></ul><p><strong>In der Nacht 15./16. Oktober</strong></p><ul><li>Die<strong> Linie S4 </strong>verkehrt nur zwischen Backnang bzw. Marbach(N) und Ludwigsburg. Der Abschnitt zwischen Ludwigsburg und Stuttgart-Schwabstraße entfällt.</li><li>Die <strong>Linie S5 </strong>verkehrt nur zwischen Bietigheim-Bissingen und Stuttgart Hbf (oben). In beide Fahrtrichtungen entfallen die Halte S-Nordbahnhof und Stuttgart-Feuerbach.</li></ul><p><strong>Ersatzverkehr mit Bussen:</strong></p><ul><li><strong>S5E</strong> zwischen Ludwigsburg und Bietigheim-Bissingen mit allen Zwischenhalten.&nbsp;</li><li><strong>S6E </strong>(eine Fahrt am 16. Oktober) von S-Hauptbahnhof nach S-Zuffenhausen mit allen Zwischenhalten.</li></ul><p>Bitte beachten Sie, dass diese Bauarbeiten in der Nacht 11./12. November und vom 9. Dezember bis 11. Dezember 2025 mit weiteren Einschränkungen fortgeführt werden.</p><p>Bitte berücksichtigen Sie diese Abweichungen bei Ihrer Reiseplanung und informieren Sie sich vorab über Ihre Reiseverbindungen. Um keine kurzfristigen Änderungen zu verpassen, informieren Sie sich bitte auch unmittelbar vor Fahrtantritt in den digitalen Reiseauskunftsmedien unter&nbsp;bahn.de&nbsp;oder in der App DB Navigator.</p>";S 4, S 5;2025-10-14T22:00:00;2025-10-16T05:00:00;RisDisruptions;"Ersatzverkehr_S6E_Stuttgart-Zuffenhausen.pdf; Ersatzverkehr_S5E_Ludwigsburg-Bietigheim.pdf";;https://assets-ri.extranet.deutschebahn.com/regio_sbahn_stuttgart/2025-09-12/eec38c36-fe5a-46a5-ae15-01783118406breisendenkarte_20250909-165048.png;isWeek;2;2025-09-12T16:54:42.005146;8006699, 8006700, 8005820, 8000038, 8005767, 8005778, 8000235, 8006698, 8098096, 8000630, 8005770;2025-09-12T18:56:16.903838
fd1f1e7a-4c13-40b1-960a-b49ca5d00159;Stuttgart-Vaihingen <> Filderstadt: Zugausfälle und Ersatzverkehr mit Bussen;In der Nacht 23./24. Oktober, von 21.45 Uhr bis 1.00 Uhr finden zwischen Stuttgart-Vaihingen und Filderstadt Instandhaltungsarbeiten statt.;"<ul><li>Die <strong>Linie S1 Richtung Herrenberg</strong> hält nicht Stuttgart-Rohr.</li><li>Die <strong>Linie S2 </strong>fällt zwischen Stuttgart-Vaihingen und Filderstadt aus.</li><li>Die <strong>Linie S3 </strong>fällt zwischen Stuttgart-Vaihingen und Flughafen/Messe aus.</li><li>Zwischen Stuttgart-Vaihingen und Flughafen/Messe bzw. Filderstadt verkehrt ein <strong>Ersatzverkehr mit Bussen (S2E)</strong>.</li></ul><p><strong>Bitte beachten Sie</strong>, dass diese Baumaßnahme in der Nacht 20./21. November, von 21.45 Uhr bis 1.00 Uhr wiederholt wird.</p><p>Bitte berücksichtigen Sie diese Abweichungen bei Ihrer Reiseplanung und informieren Sie sich vorab über Ihre Reiseverbindungen. Um keine kurzfristigen Änderungen zu verpassen, informieren Sie sich bitte auch unmittelbar vor Fahrtantritt in den digitalen Reiseauskunftsmedien unter&nbsp;bahn.de&nbsp;oder in der App DB Navigator.</p>";S 1, S 2, S 3;2025-10-23T21:45:00;2025-10-24T01:00:00;RisDisruptions;;;https://assets-ri.extranet.deutschebahn.com/regio_sbahn_stuttgart/2025-08-26/ea1012b9-8667-45ed-a71a-542a90038251reisendenkarte_20250826-111441.png;isInTimeInterval, isWeek;2;2025-09-12T16:54:42.005146;8005776, 8005773, 8003622, 8001650, 8001984, 8005201, 8004496, 8005768;2025-09-12T18:56:16.903882
25fa95f7-bc72-4edf-bc50-cf7abe23b9fa;Bietigheim-Bissingen <> Schwabstraße: Zug- und Haltausfälle, Ersatzverkehr mit Bussen;Aufgrund von Bauarbeiten zwischen Bietigheim-Bissingen und Nordbahnhof kommt es in den Nächten Donnerstag, 30.10./Freitag, 31.10. sowie Freitag, 31.10./Samstag, 01.11.2025 jeweils zwischen 22.00 Uhr und 5.00 Uhr zu folgenden Einschränkungen:;"<p><strong>In der Nacht Donnerstag, 30.10./Freitag, 31.10., von 22.00 Uhr bis 5.00 Uhr</strong></p><ul><li><strong>S4</strong> fällt zwischen<strong> </strong>Ludwigsburg und Stuttgart Schwabstraße aus.</li><li><strong>S5 Richtung Schwabstraße </strong>hält nicht in Tamm, Asperg, Kornwestheim und Feuerbach.<ul><li>Bitte nutzen Sie die Züge der Gegenrichtung.</li></ul></li></ul><p>Bitte beachten Sie, im genannten Zeitraum kommt es auch auf der <strong>Linie S6 </strong>zu weiteren Einschränkungen.</p><p><strong>In der Nacht Freitag, 31.10./Samstag, 01.11.2025, von 22.00 Uhr bis 5.00 Uhr</strong></p><ul><li><strong>S5</strong> fällt zwischen Ludwigsburg und Bietigheim-Bissingen aus.</li><li>Zwischen Ludwigsburg und Bietigheim-Bissingen verkehrt ein <strong>Ersatzverkehr mit Bussen (S5E)</strong>.</li></ul><p>Bitte berücksichtigen Sie diese Abweichungen bei Ihrer Reiseplanung und informieren Sie sich vorab über Ihre Reiseverbindungen. Um keine kurzfristigen Änderungen zu verpassen, informieren Sie sich bitte auch unmittelbar vor Fahrtantritt in den digitalen Reiseauskunftsmedien unter&nbsp;bahn.de&nbsp;oder in der App DB Navigator.</p>";S 4, S 5;2025-10-30T22:00:00;2025-11-01T05:00:00;RisDisruptions;;Weitere Informationen;https://assets-ri.extranet.deutschebahn.com/regio_sbahn_stuttgart/2025-08-28/abab4b92-f9f0-4c82-8a1d-50eecf65ac66reisendenkarte_20250826-120807.png;isInTimeInterval;2;2025-09-12T16:54:42.005146;8006699, 8006700, 8000235, 8003411, 8005820, 8000038, 8005767, 8005778, 8006698, 8098096, 8000630, 8005770;2025-09-12T18:56:16.903913
44cc7cb2-833e-4a75-af37-57271eab9c75;Stuttgart-Vaihingen <> Filderstadt: Zugausfälle und Ersatzverkehr mit Bussen;In der Nacht 20./21. November, von 21.45 Uhr bis 1.00 Uhr finden zwischen Stuttgart-Vaihingen und Filderstadt Instandhaltungsarbeiten statt.;"<ul><li>Die <strong>Linie S1 Richtung Herrenberg</strong> hält nicht Stuttgart-Rohr.</li><li>Die <strong>Linie S2 </strong>fällt zwischen Stuttgart-Vaihingen und Filderstadt aus.</li><li>Die <strong>Linie S3 </strong>fällt zwischen Stuttgart-Vaihingen und Flughafen/Messe aus.</li><li>Zwischen Stuttgart-Vaihingen und Flughafen/Messe bzw. Filderstadt verkehrt ein <strong>Ersatzverkehr mit Bussen (S2E)</strong>.</li></ul><p>Bitte berücksichtigen Sie diese Abweichungen bei Ihrer Reiseplanung und informieren Sie sich vorab über Ihre Reiseverbindungen. Um keine kurzfristigen Änderungen zu verpassen, informieren Sie sich bitte auch unmittelbar vor Fahrtantritt in den digitalen Reiseauskunftsmedien unter&nbsp;bahn.de&nbsp;oder in der App DB Navigator.</p>";S 1, S 2, S 3;2025-11-20T21:45:00;2025-11-21T01:00:00;RisDisruptions;;;https://assets-ri.extranet.deutschebahn.com/regio_sbahn_stuttgart/2025-08-26/4f8edd17-ebdd-481d-943d-ecda78921360reisendenkarte_20250826-112159.png;isInTimeInterval, isWeek;2;2025-09-12T16:54:42.005146;8005776, 8005773, 8003622, 8001650, 8001984, 8005201, 8004496, 8005768;2025-09-12T18:56:16.903960
