ID;Überschrift;Kurztext;Text;Linien;Startdatum;Enddatum;Quelle;Anhänge;Links;Bild;Kategorien;Nachrichtentypen;Zeitstempel;Betroffene Haltestellen;Aktualisierungszeit
43167a63-b57f-43ca-bd98-e3b2bb9652b0;Marbach <> Backnang: Stündlicher S4-Pendelverkehr von 5 bis 10 Uhr und 13 bis 19 Uhr. Zusätzlich Ersatzverkehr mit Bussen.;"Die Deutsche Bahn hat die ""kleine Murrbahn"" nach Unwetterschäden mit umfangreichen Reparatur- und Präventionsmaßnahmen instandgesetzt.";"<p><strong>Seit Sonntag, 15. Dezember verkehrt die Linie S4 zwischen 5 und 10 Uhr sowie von 13 bis 19 Uhr</strong> <strong>stündlich zwischen Marbach und Backnang. </strong>Maßgeblich für den Stundentakt ist, dass vorübergehend alle Züge noch mit deutlich verminderter Geschwindigkeit fahren müssen und sich dadurch in beide Richtungen <strong>etwa um acht Minuten längere Fahrzeiten </strong>ergeben. Damit sich vom Zugbetrieb auf der eingleisigen Strecke keine Verzögerungen in das S-Bahn-Netz übertragen, fahren die <strong>S4-Züge zwischen Marbach und Backnang bis auf Weiteres im Pendelverkehr</strong>.</p><h1><strong>Der S4-Pendel fährt jeweils zur Minute .13 in Marbach ab und kommt zur Minute .34 in Backnang an. In der Gegenrichtung startet der S4-Pendel jeweils zur Minute .43 in Backnang und erreicht zur Minute .04 Marbach. </strong></h1><p><strong>In Marbach besteht jeweils Anschluss von und nach Stuttgart Schwabstraße.</strong> Die S-Bahnen der S4 zwischen Marbach und Stuttgart Schwabstraße fahren von montags bis samstags tagsüber durchgängig im 15-Minuten-Takt, darüber hinaus im Halbstundentakt.&nbsp;</p><h1><strong>Zusätzlich Ersatzverkehr mit Bussen&nbsp;</strong></h1><p>Damit wie üblich stündlich zwei Fahrten zwischen Marbach und Backnang angeboten werden, setzt die <strong>DB zusätzlich weiterhin Busse der Linie S4E</strong> ein.</p><p><strong>Während der Betriebszeiten des S4-Pendels</strong> fahren die Busse zur Minute .48 in Marbach und zur Minute .13 in Backnang ab.</p><p><strong>Außerhalb der Angebotszeiten des S4-Pendels</strong> fahren die Busse in Marbach zu den Minuten .18 und .48 ab. Die Busse starten dann zu den Minuten .13 und .43 in Backnang. In Erdmannhausen liegt die Haltestelle für den Ersatzverkehr auch weiterhin im Ort.&nbsp;(Erdmannhausen, Bahnhofstraße und Erdmannhausen, Rathaus).</p><p>Die Busse (S4E) halten an folgenden Haltestellen:</p><ul><li>Marbach(N), Bahnhof</li><li>Erdmannhausen, Bahnhofstraße</li><li>Erdmannhausen, Rathaus</li><li>Kirchberg (M), Marbacher Str.</li><li>Kirchberg (M), Rathaus</li><li>Burgstall (M), Bahnhof</li><li>Erbstetten-Ortsmitte</li><li>Backnang, ZOB</li></ul><p>Bitte informieren Sie sich vor Fahrtantritt und planen die längere Fahrzeit der Busse mit ein.</p>";S 4;2024-06-26T19:35:00;2025-06-14T23:59:00;RisDisruptions;"Fahrplan Ersatzverkehr S4E Marbach - Backnang ab 11.01.25.pdf; Fahrgastinformation_S4.pdf";"Informationen zu den Abfahrtshaltestellen des Ersatzverkehrs; Betriebslage; weitere Informationen";https://assets-ri.extranet.deutschebahn.com/regio_sbahn_stuttgart/2025-01-21/cfbafa6d-7c0d-4e5a-85c9-1f2d5cc8514areisendenkarte_20241219-151330.png;;2;2025-04-13T23:04:02.673431;8003853, 8000873, 8001827;2025-04-14T01:04:39.355502
e1a241c5-6b75-4060-87ce-91ae549ee5d9;Instandhaltungsfenster 2025: Fahrtänderungen im S-Bahnverkehr;Wegen Instandhaltungsarbeiten im S-Bahn-Tunnel kommt es in mehreren Nächten von Montag auf Dienstag zwischen 22.30 Uhr und 4.30 Uhr zu Fahrplanänderungen im S-Bahn-Verkehr. Sobald uns das genaue Betriebsprogramm zu den einzelnen Nächten vorliegt, finden Sie die detaillierten Informationen zu den konkreten Fahrplanänderungen unter dem jeweiligen Datum gesondert dargestellt.;"<p>Das Instandhaltungsfenster findet jeweils in der Nacht von Montag auf Dienstag statt. Dafür sind folgende Nächte vorgesehen (Änderungen vorbehalten):</p><ul><li>14./15. April,</li><li>12./13. Mai, 19./20. Mai,</li><li>2./3. Juni, 23./24. Juni, 30. Juni/1. Juli,</li><li>14./15. Juli, 21./22. Juli,</li><li>15./16. September, 22./23. September,</li><li>13./14. Oktober, 20./21. Oktober,</li><li>3./4. November, 17./18. November</li><li>1./2. Dezember</li></ul><p><strong>Warum eigentlich Instandhaltungsfenster?</strong></p><p>Damit die Gleise und die Technik im S-Bahntunnel fit bleiben, benötigt InfraGo auch im Jahresfahrplan 2025 für die Instandhaltungsarbeiten ausreichend zusammenhängende Zeitfenster.&nbsp;Um tagsüber den Betrieb nicht zu stören, wurden die Arbeiten nachts in Instandhaltungsfenstern gebündelt.</p><p>Die DB InfraGo hat als Infrastrukturbetreiber mit der S-Bahn Stuttgart folgendes Grundkonzept erarbeitet:</p><p>Zwischen Stuttgart-Vaihingen und Stuttgart Hbf (tief) bzw. Bad Cannstatt wird während dieser Zeit lediglich ein reduziertes Fahrplanangebot&nbsp;im S-Bahntunnel gefahren. Zudem werden in diesem Zeitraum die Fahrzeiten einzelner Linien angepasst, sodass Anschlüsse ggf. nicht erreicht werden.&nbsp;Die Fahrplanänderungen werden kontinuierlich in die Fahrplanmedien eingepflegt und dann über die elektronische Fahrplanauskunft bei der DB oder in den Apps abrufbar sein.&nbsp;</p>";S 1, S 2, S 3, S 4, S 5, S 6;2025-01-27T22:30:00;2025-12-01T04:30:00;RisDisruptions;;weitere Informationen;https://assets-ri.extranet.deutschebahn.com/regio_sbahn_stuttgart/2025-04-09/8c0ecfd6-b42b-4015-b4f4-9f0738c2b53breisendenkarte_20241112-155203.png;isInTimeInterval, isWeek;2;2025-04-13T23:04:02.673431;8006700, 8006699, 8006513, 8005779, 8005769, 8098096, 8006698, 8005776;2025-04-14T01:04:39.355570
8af3729f-ccd1-48a8-8847-080291e97a09;Bietigheim-Bissingen <> Stuttgart Hbf: Zugausfälle und Ersatzverkehr mit Bussen;Bis 18. April finden zwischen Bietigheim-Bissingen und Stuttgart-Zuffenhausen Weichen- und Schleifarbeiten statt. Es kommt zeitweise zu folgenden Abweichungen:;"<p><strong>4. April, 20.40 Uhr bis 7. April, 1.45 Uhr </strong>sowie <strong>11. April, 20.40 Uhr bis 14. April, 4.50 Uhr</strong></p><ul><li><strong>S5 Ausfall zwischen Bietigheim-Bissingen und Ludwigsburg. </strong></li><li>Zwischen Ludwigsburg und Stuttgart Schwabstraße verkehrt die S5 nur im 30-Minuten-Takt.</li><li><strong>Zwischen Bietigheim-Bissingen, Bahnhofstraße und Ludwigsburg Bahnhof, Arena verkehrt ein Ersatzverkehr mit Bussen (S5E) mit Halt in Tamm und Asperg. </strong>Die Busse S5E fahren in Bietigheim in der Borsigstraße und in Ludwigsburg auf der Bahnhofsseite MHP Arena ab. Damit Fahrgäste den Weg zur Ersatzhaltestelle besser finden, sind Wegeleitungen zur Haltestelle des Ersatzverkehrs angebracht.</li><li>Als Ersatz für ausfallende RE und MEX-Züge von Arverio und der SWEG verkehrt zwischen Bietigheim-Bissingen, Stuttgarter Straße und Ludwigsburg Bahnhof, Arena ein Direktbus ohne Zwischenhalt.</li></ul><p><strong>5. April und 12. April</strong></p><ul><li><strong>S4 </strong>fährt nur <strong>im 30-Minuten-Takt</strong></li></ul><p><strong>In der Nacht 17./18. April</strong></p><ul><li><strong>S5</strong> Ausfall einzelner S-Bahnen zwischen Ludwigsburg und Bietigheim-Bissingen.</li><li>Zwischen Bietigheim-Bissingen, Bahnhofstraße und Ludwigsburg Bahnhof, Arena verkehrt ein <strong>Ersatzverkehr mit Bussen (S5E)</strong> mit Halt in Tamm und Asperg.</li></ul><p>Bitte berücksichtigen Sie diese Abweichungen bei Ihrer Reiseplanung und informieren Sie sich vorab über Ihre Reiseverbindungen. Um keine kurzfristigen Änderungen zu verpassen, informieren Sie sich bitte auch unmittelbar vor Fahrtantritt in den digitalen Reiseauskunftsmedien unter&nbsp;bahn.de&nbsp;oder in der App DB Navigator.</p>";S 4, S 5;2025-04-01T00:00:00;2025-04-18T23:59:00;RisDisruptions;Fahrplan Ersatzverkehr S5E Ludwigsburg-Bietigheim.pdf;weitere Informationen;https://assets-ri.extranet.deutschebahn.com/regio_sbahn_stuttgart/2025-04-04/522d68b8-7568-47ae-84c3-ab0331b24c4creisendenkarte_20250313-134836.png;;2;2025-04-13T23:04:02.673431;8001967, 8000873, 8003853, 8000235, 8002065, 8003411, 8005770, 8005778, 8005820, 8000038, 8005767, 8000630;2025-04-14T01:04:39.355612
023dd9c2-41b9-485f-b5e5-902f0efc96ed;RB 64 (Teckbahn) verkehrt mit geringerer Kapazität;Ab 2. April verkehrt die Teckbahn zwischen Kirchheim(T) und Oberlenningen mit einer geringeren Kapazität an SItzplätzen aufgrund fristgemäßen Instandsetzungsarbeiten an Fahrzeugen;<p><strong>An Schultagen werden zusätzliche Busse eingesetzt:</strong></p><ul><li>Von Kirchheim(T) nach Oberlenningen, Abfahrten: 5.16, 6.16, 7.16, 8.16, 9.16, 10.16, 11.16, 12.16 und 13.16 Uhr</li><li>Von Oberlenningen nach Kirchheim(T), Abfahrten: 5.48, 6.48, 7.48, 8.48, 9.48, 10.48, 11.48, 12.48 und 13.48 Uhr</li></ul><p>Bitte beachten Sie die Abfahrts- und Reisezeiten der Busse. Die Busse fahren an den Haltestellen der Linie 177 ab.</p><p></p><p>Bitte prüfen Sie Ihre Reiseverbindung online vor Fahrtantritt. Wir informieren Sie, sobald sich Neuigkeiten ergeben.</p>;RB 64;2025-04-02T05:00:00;2025-05-02T13:48:00;RisDisruptions;Verstärkung RB64 an Schultagen.pdf;weitere Informationen;;isWeek;1;2025-04-13T23:04:02.673431;8001428, 8001205, 8003283, 8004740, 8004553, 8003280, 8005998;2025-04-14T01:04:39.355654
f46d5c82-6c96-4164-89cb-50a39646b72e;Instandhaltungsarbeiten zwischen Stuttgart Hbf und Esslingen(N) sowie Bahnsteigarbeiten in Esslingen-Mettingen;Bis 26. Juli 2025 kommt es zwischen Stuttgart Hbf und Esslingen(Neckar) zeitweise zu umfangreichen Fahrplaneinschränkungen auf der Linie S1. Bitte informieren Sie sich!;"<p><strong>Von Freitag, 11. April, 21.00 Uhr bis Montag, 21. April, 21.00 Uhr</strong></p><ul><li><strong>S1</strong>&nbsp;<strong>hält in beiden Richtungen nicht in Esslingen-Mettingen, Stuttgart-Obertürkheim, Stuttgart-Untertürkheim und Neckarpark.</strong></li><li>Zwischen Kirchheim(T)/Plochingen und Neckarpark fährt die S1 nur im 30-Minuten-Takt.</li><li>Zwischen Neckarpark und Herrenberg wird die S1 durch weitere Fahrten (als Linie S11) tagsüber von 6 bis 20.30 Uhr sowie an Samstagen von 8.30 und 20.30 Uhr zum 15-Minuten-Takt ergänzt.</li><li><strong>Zwischen Esslingen(N), Bahnhof/ZOB und Bad Cannstatt, Wilhelmsplatz verkehrt ein Ersatzverkehr mit Bussen (S1E)&nbsp;</strong>mit allen Unterwegshalten.</li></ul><p><strong>Von Montag, 21. April, 21.00 Uhr bis Samstag, 3. Mai 2025, 01.30 Uhr</strong></p><ul><li><strong>S1 Richtung Plochingen/Kirchheim(T) hält nicht in Esslingen-Mettingen.</strong></li><li>Reisende von Mettingen Richtung Esslingen(N) nutzen bitte die Buslinie 101 bzw. 102.</li><li>Reisende aus Richtung Stuttgart nach Mettingen fahren bitte bis Esslingen(N) und nutzen von dort aus die S1 Richtung Herrenberg mit Halt in Mettingen.</li></ul><p><strong>Von Samstag, 3. Mai bis Samstag, 26. Juli</strong></p><ul><li>Die Linie S1 Kirchheim(T) &lt;&gt; Herrenberg verkehrt nur im 30-Minuten-Takt und wird montags bis freitags von 6 Uhr bis 20.30 Uhr sowie samstags von 8.30 Uhr bis 20.30 Uhr durch zusätzliche Fahrten der Linie S11 zwischen Neckarpark und Herrenberg zum 15-Minuten-Takt ergänzt.</li></ul><p><strong>In den Nächten 8./9. Mai, 9./10. Mai, sowie 5./6. Juni und 6./7. Juni, jeweils von 21.00 Uhr bis 5.00 Uhr</strong></p><p>Instandhaltungsarbeiten zwischen Stuttgart Hbf und Esslingen (Neckar).</p><ul><li>Detaillierte Informationen zum Betriebs- und Ersatzkonzept werden zeitnah veröffentlicht.</li></ul><p>Bitte berücksichtigen Sie diese Abweichungen bei Ihrer Reiseplanung und informieren Sie sich vorab über Ihre Reiseverbindungen. Um keine kurzfristigen Änderungen zu verpassen, informieren Sie sich bitte auch unmittelbar vor Fahrtantritt in den digitalen Reiseauskunftsmedien unter&nbsp;bahn.de&nbsp;oder in der App DB Navigator.</p>";S 1, S 11;2025-04-10T21:00:00;2025-07-26T04:00:00;RisDisruptions;Übersicht Einschränkungen Linie S1.pdf;;https://assets-ri.extranet.deutschebahn.com/regio_sbahn_stuttgart/2025-04-11/a19b99e1-c26d-4d11-ba55-02650476e8d3reisendenkarte_20250411-085727.png;;2;2025-04-13T23:04:02.673431;8005772, 8001921, 8005769, 8005775, 8001920, 8006743;2025-04-14T01:04:39.355707
7a683d12-10e5-49eb-b1d9-803ef82bba6c;Esslingen(N) <> Bad Cannstatt: Haltausfälle und Ersatzverkehr mit Bussen;Von Freitag, 11. April, 21.00 Uhr bis Montag, 21. April, 21.00 Uhr werden zwischen Esslingen(N) und Stuttgart-Obertürkheim Gleise und Weichen erneuert.;"<ul><li><strong>S1</strong> <strong>hält in beiden Richtungen nicht in Esslingen-Mettingen, Stuttgart-Obertürkheim, Stuttgart-Untertürkheim und Neckarpark.</strong></li><li>Zwischen Kirchheim(T)/Plochingen und Neckarpark fährt die S1 nur im 30-Minuten-Takt.</li><li>Zwischen Neckarpark und Herrenberg wird die S1 durch weitere Fahrten (als Linie S11) tagsüber von 6 bis 20.30 Uhr sowie an Samstagen von 8.30 und 20.30 Uhr zum 15-Minuten-Takt ergänzt.</li><li><strong>Zwischen Esslingen(N), Bahnhof/ZOB und Bad Cannstatt, Wilhelmsplatz verkehrt ein Ersatzverkehr mit Bussen (S1E) </strong>mit allen Unterwegshalten. <strong>Bitte beachten Sie: Während der VfB-Heimspiel-bedingten Straßensperrung am 13. April zwischen 12:30 Uhr und 19:00 Uhr kann der S1E nur zwischen Esslingen(N) und Untertürkheim verkehren.&nbsp;</strong></li></ul><p>Bitte beachten Sie diese Einschränkungen auch bei der&nbsp;<strong>An- und Abreise zum VfB-Heimspiel gegen Werder Bremen am Sonntag, 13. April 2025</strong>. Die DB empfiehlt ihren S-Bahn-Fahrgästen,&nbsp;<strong>bei der Hin- und Rückfahrt ausreichend Zeit einzuplanen</strong>, sowie&nbsp;den&nbsp;Bahnhof Bad Cannstatt für die An- und Abreise&nbsp;zu nutzen. Weitere Informationen dazu finden Sie auf&nbsp;s-bahn-stuttgart.de/aktuelles</p><p>Bitte berücksichtigen Sie diese Abweichungen bei Ihrer Reiseplanung und informieren Sie sich vorab über Ihre Reiseverbindungen. Um keine kurzfristigen Änderungen zu verpassen, informieren Sie sich bitte auch unmittelbar vor Fahrtantritt in den digitalen Reiseauskunftsmedien unter&nbsp;bahn.de&nbsp;oder in der App DB Navigator.</p>";S 1;2025-04-11T21:00:00;2025-04-21T21:00:00;RisDisruptions;Fahrplan Ersatzverkehr S1E 11.04.-21.04.pdf;weitere Informationen;https://assets-ri.extranet.deutschebahn.com/regio_sbahn_stuttgart/2025-04-11/2391149f-e136-4012-b955-a958926a0b1ereisendenkarte_20250314-101538.png;;2;2025-04-13T23:04:02.673431;8005769, 8005772, 8001921, 8005775, 8001920;2025-04-14T01:04:39.355755
18972f2d-6d59-42f0-9d42-ef1bb4f9d3a6;S1, S2, S3 : Fahrplanabweichungen wegen Weichenstörung zwischen Bad-Cannstatt und Stuttgart Hbf.;Am Montag, den 14. April 2025, verkehrt die Linie S3 ganztägig nur im 30 Minuten Takt. Auch auf den Linien S1 und S2 kann es im Tagesverlauf zu Fahrplanabweichungen kommen. Ursache ist die Entgleisung eines Regionalzuges (ohne Fahrgäste) während einer Rangierfahrt im Stuttgarter Hbf. am 12. April. Infolge des Vorfalls, wurden mehrere Weichen im Bereich des Stuttgarter Hbf. beschädigt. Die Regional- und Fernverkehrszüge müssen daher zwischen Bad-Cannstatt und Stuttgart Hbf. über das S-Bahngleis umgeleitet werden. Dies führt auf dem betroffenen Streckenabschnitt zu einem Kapazitätsengpass, der sich auf den S-Bahnverkehr der Linien S1, S2 und S3 auswirkt.;<p> Bitte informieren Sie sich vor Fahrtantritt in der digitalen Reiseauskunft und planen Sie mehr Reisezeit ein. Achten Sie zudem auf die aktuellen Lautsprecherdurchsagen und Anzeigen am Bahnsteig. Sobald uns neue Informationen vorliegen, werden wir Sie umgehend informieren.</p>;S 1, S 11, S 2, S 3;2025-04-14T00:20:09.76;2025-04-14T21:00:00;RisDisruptions;;Weiterführende Informationen:;https://assets-ri.extranet.deutschebahn.com/regio_sbahn_stuttgart/2025-04-14/4577f178-b04e-40de-a6f5-70452aa4cfbareisendenkarte_20250413-213159.png;isWeek;1;2025-04-13T23:04:02.673431;8005769, 8000096, 8098096;2025-04-14T01:04:39.355794
9d3f08da-1164-4be6-aec0-717018b3fdf6;Einschränkungen im S-Bahnverkehr auf mehreren Linien aufgrund von Instandhaltungsarbeiten ;In der Nacht 14./15. April, 22.30 bis 4.30 Uhr, finden Instandhaltungsarbeiten zwischen S-Vaihingen und Bad Cannstatt statt.;"<ul><li><strong>S1 </strong>verkehrt in beiden Richtungen mit geändertem Linienverlauf: Herrenberg - Hauptbahnhof (oben) - (ohne Halt zwischen Hauptbahnhof (tief) und S-Vaihingen) - Kirchheim (T).</li><li><strong>S3 </strong>verkehrt in beiden Richtungen nur in den Abschnitten Backnang und Waiblingen sowie Vaihingen und Flughafen/Messe.</li><li><strong>S4</strong> verkehrt in beiden Richtungen nur zwischen Marbach und Hauptbahnhof (oben).</li><li><strong>S6</strong> verkehrt in beiden Richtungen nur zwischen Weil der Stadt und Hauptbahnhof (oben).</li></ul><p>Bitte berücksichtigen Sie diese Abweichungen bei Ihrer Reiseplanung und informieren Sie sich vorab über Ihre Reiseverbindungen. Um keine kurzfristigen Änderungen zu verpassen, informieren Sie sich bitte auch unmittelbar vor Fahrtantritt in den digitalen Reiseauskunftsmedien unter&nbsp;bahn.de&nbsp;oder in der App DB Navigator.</p>";S 1, S 3, S 4, S 6;2025-04-14T22:00:00;2025-04-15T05:00:00;RisDisruptions;;weitere Informationen;https://assets-ri.extranet.deutschebahn.com/regio_sbahn_stuttgart/2025-03-21/4deb6e7f-8e69-42e5-ae67-88b7c0634722reisendenkarte_20250311-113912.png;isInTimeInterval, isWeek;2;2025-04-13T23:04:02.673431;8006700, 8006699, 8000096, 8006513, 8005779, 8004357, 8005774, 8001974, 8005769, 8098096, 8006698, 8005776, 8000180;2025-04-14T01:04:39.355821
9a9790b3-61dc-4262-ac37-554aa4ceb63f;Stuttgart-Schwabstraße <> S-Vaihingen: Zug- und Haltausfälle ;Von 21. bis 23. April finden jeweils in den Abend- und Nachtstunden Arbeiten an der Leit- und Sicherungstechnik in S-Vaihingen statt.  ;"<p>Es kommt zu folgenden Fahrplanabweichungen:</p><p><strong>21. April, 1 bis 5.30 Uhr sowie 18.30 bis 1.30 Uhr:</strong></p><ul><li><strong>S3 </strong>fährt nur zwischen Backnang und Schwabstraße.</li></ul><p><strong>22. und 23. April, jeweils ca. 19.30 bis 24 Uhr:</strong></p><ul><li><strong>S1 </strong>mit Abfahrt in Plochingen um 19.53 Uhr entfällt.</li><li><strong>S2 </strong>mit Abfahrt in Schorndorf um 20.03 Uhr sowie mit Abfahrt in Filderstadt um 20.18 Uhr entfällt.</li><li><strong>S3 </strong>fährt nur zwischen Backnang und Bad Cannstatt.</li><li><strong>S3 </strong>mit Abfahrt in Backnang um 19.56 Uhr entfällt.</li></ul><p>Bitte berücksichtigen Sie diese Abweichungen bei Ihrer Reiseplanung und informieren Sie sich vorab über Ihre Reiseverbindungen. Um keine kurzfristigen Änderungen zu verpassen, informieren Sie sich bitte auch unmittelbar vor Fahrtantritt in den digitalen Reiseauskunftsmedien unter&nbsp;bahn.de&nbsp;oder in der App DB Navigator.</p>";S 3;2025-04-21T01:00:00;2025-04-23T23:59:00;RisDisruptions;;weitere Informationen;https://assets-ri.extranet.deutschebahn.com/regio_sbahn_stuttgart/2025-03-26/3c271ccd-807e-4136-a1ea-951f3e1a2874reisendenkarte_20250319-150050.png;isWeek;2;2025-04-13T23:04:02.673431;8006700, 8006699, 8006513, 8005779, 8005769, 8098096, 8006698, 8005776;2025-04-14T01:04:39.355866
acd117dd-d897-4a49-b8f5-111e899c1ec1;Esslingen-Mettingen: Haltausfall der S1 Richtung Plochingen/Kirchheim;Von 21.04., 21.00 Uhr bis 03.05.2025, 01.30 Uhr finden in Esslingen-Mettingen Bahnsteigarbeiten statt.;"<ul><li><strong>S1 Richtung Plochingen/Kirchheim(T) hält nicht in Esslingen-Mettingen.</strong></li><li>Reisende von Mettingen Richtung Esslingen(N) nutzen bitte die Buslinie 101 bzw. 102.</li><li>Reisende aus Richtung Stuttgart nach Mettingen fahren bitte bis Esslingen(N) und nutzen von dort aus die S1 Richtung Herrenberg mit Halt in Mettingen.</li></ul><p>Bitte berücksichtigen Sie diese Abweichungen bei Ihrer Reiseplanung und informieren Sie sich vorab über Ihre Reiseverbindungen. Um keine kurzfristigen Änderungen zu verpassen, informieren Sie sich bitte auch unmittelbar vor Fahrtantritt in den digitalen Reiseauskunftsmedien unter&nbsp;bahn.de&nbsp;oder in der App DB Navigator.</p>";S 1;2025-04-21T21:00:00;2025-05-03T01:30:00;RisDisruptions;;weitere Informationen;https://assets-ri.extranet.deutschebahn.com/regio_sbahn_stuttgart/2025-04-11/a41b3a47-f4b6-4b56-9b98-dfc39f0d0d2freisendenkarte_20250325-112817.png;;2;2025-04-13T23:04:02.673431;8005772, 8001921, 8001920;2025-04-14T01:04:39.355909
dc29ef52-4c8c-45d4-9d4d-fe02ea2b6e11;Plochingen <> Kirchheim (T): Zugausfälle und Ersatzverkehr mit Bussen;In der Nacht 27./28. April, 21 bis 5 Uhr, finden Instandhaltungsarbeiten zwischen Plochingen und Wendlingen statt.;"<ul><li><strong>S1 fällt zwischen Plochingen und Kirchheim (T) aus.</strong></li><li>Zwischen Plochingen und Kirchheim (T) fährt ein&nbsp;<strong>Ersatzverkehr mit Bussen (S1E)</strong>.</li><li>Bitte beachten Sie die früheren Abfahrtszeiten der Busse in Kirchheim (T) sowie die längeren Fahrtzeiten der Busse. Wählen Sie gegebenenfalls eine frühere Verbindung.</li></ul><p>Bitte berücksichtigen Sie diese Abweichungen bei Ihrer Reiseplanung und informieren Sie sich vorab über Ihre Reiseverbindungen. Um keine kurzfristigen Änderungen zu verpassen, informieren Sie sich bitte auch unmittelbar vor Fahrtantritt in den digitalen Reiseauskunftsmedien unter&nbsp;bahn.de&nbsp;oder in der App DB Navigator.</p>";S 1;2025-04-27T21:00:00;2025-04-28T05:00:00;RisDisruptions;Fahrplan Ersatzverkehr S1E 27.-28.4..pdf;weitere Informationen;https://assets-ri.extranet.deutschebahn.com/regio_sbahn_stuttgart/2025-03-26/104428db-b2af-4360-83fd-3494cc382ff6reisendenkarte_20250307-143026.png;isInTimeInterval;2;2025-04-13T23:04:02.673431;8000302, 8003282, 8006346, 8006331, 8003280;2025-04-14T01:04:39.355934
9a558320-63ef-4ce6-a981-c8a8d5f81f02;Böblingen <> Renningen: Zugausfälle und Ersatzverkehr mit Bussen;In der Nacht 2./3. Mai, von ca. 20.30 bis 5.15 Uhr, finden Instandhaltungsarbeiten in Sindelfingen statt.  ;"<ul><li><strong>S60 entfällt zwischen Renningen und Böblingen.</strong></li><li>Zwischen Renningen (Bahnhof, Industriestraße Pos. 2) und Böblingen (ZOB Halteplatz 8) fährt ein <strong>Ersatzverkehr mit Bussen (S60E) </strong>mit allen Unterwegshalten.</li><li>Bitte beachten Sie die längeren Fahrtzeiten der Busse und wählen Sie gegebenenfalls eine frühere Verbindung.</li></ul><p>Bitte berücksichtigen Sie diese Abweichungen bei Ihrer Reiseplanung und informieren Sie sich vorab über Ihre Reiseverbindungen. Um keine kurzfristigen Änderungen zu verpassen, informieren Sie sich bitte auch unmittelbar vor Fahrtantritt in den digitalen Reiseauskunftsmedien unter&nbsp;bahn.de&nbsp;oder in der App DB Navigator.</p>";S 60;2025-05-02T20:00:00;2025-05-03T05:30:00;RisDisruptions;S60E Böblingen-Renningen.pdf;weitere Informationen;https://assets-ri.extranet.deutschebahn.com/regio_sbahn_stuttgart/2025-04-08/bc16b968-5019-47a5-bd34-1babbc10f8c1reisendenkarte_20250324-142544.png;;2;2025-04-13T23:04:02.673431;8005001, 8003807, 8003834, 8005574, 8003808, 8000313, 8001055;2025-04-14T01:04:39.355959
c8530b33-f689-4dc3-8321-7efbe60f7275;Bad Cannstatt/Grunbach <> Schorndorf: Haltausfälle und Ersatzverkehr mit Bussen ;Am 5. und 6. Mai, jeweils ca. 21 bis 0.30 Uhr, finden Instandhaltungsarbeiten zwischen Waiblingen und Lorch statt.;"<p><strong>5. Mai </strong></p><ul><li><strong>S2</strong>: die Züge mit Abfahrt in Filderstadt um 20.33 und 22.03 (Ankunft in Bad Cannstatt um 21.09 und 22.39 Uhr) sowie mit Abfahrt in Schorndorf um 23.18 Uhr entfallen zwischen Bad Cannstatt und Schorndorf.</li></ul><p><strong>6. Mai</strong></p><ul><li><strong>S2 </strong>verkehrt zwischen Grunbach und Schorndorf nur im 60-Minutentakt.</li><li>Zwischen Grunbach und Schorndorf fährt ergänzend ein <strong>Ersatzverkehr mit Bussen</strong>.</li><li>Bitte beachten Sie die früheren Abfahrtszeiten der Busse in Schorndorf sowie die längeren Fahrtzeiten der Busse. Wählen Sie gegebenenfalls eine frühere Verbindung.</li></ul><p>Bitte berücksichtigen Sie diese Abweichungen bei Ihrer Reiseplanung und informieren Sie sich vorab über Ihre Reiseverbindungen. Um keine kurzfristigen Änderungen zu verpassen, informieren Sie sich bitte auch unmittelbar vor Fahrtantritt in den digitalen Reiseauskunftsmedien unter&nbsp;bahn.de&nbsp;oder in der App DB Navigator.</p>";S 2;2025-05-05T21:00:00;2025-05-07T00:30:00;RisDisruptions;Fahrplan S2E Schorndorf - Grunbach.pdf;weitere Informationen;https://assets-ri.extranet.deutschebahn.com/regio_sbahn_stuttgart/2025-04-08/d304d48c-5ee1-4267-8201-e5a1e02bc3e8reisendenkarte_20250325-102348.png;isWeek;2;2025-04-13T23:04:02.673431;8006485, 8002240, 8000934, 8005726, 8005157, 8006277, 8001974, 8001785, 8002448, 8000180, 8005424;2025-04-14T01:04:39.355983
3ea68f47-b2d7-47ff-8c29-91f6799a0df8;Herrenberg <> S-Vaihingen sowie Böblingen <> Sindelfingen: Zugausfälle und Ersatzverkehr mit Bussen;In den Nächten 6./7. und 7./8. Mai, jeweils 21.00 bis ca. 1 Uhr, finden Instandhaltungsarbeiten zwischen Herrenberg und Stuttgart-Vaihingen sowie zwischen Sindelfingen und Böblingen statt.;"<p>Es kommt zu folgenden Fahrplanabweichungen:</p><p><strong>In der Nacht 6./7. Mai </strong></p><ul><li><strong>S1</strong> verkehrt nur zwischen Kirchheim (T) und Stuttgart-Vaihingen. <strong>Ausnahme</strong>: Züge mit Abfahrt in Kirchheim (T) um 22.20 Uhr, 22.50 Uhr und 23.50 Uhr sowie mit Abfahrt in Herrenberg um 23.46 Uhr verkehren regulär.</li><li>Zwischen Stuttgart-Vaihingen und Herrenberg fährt ein <strong>Ersatzverkehr mit Bussen (S1E)</strong> im 30-Minuten-Takt <strong>ohne Halt in S-Rohr. Ausnahme: </strong>Bus S1E mit Abfahrt in Vaihingen um 23.20 Uhr endet bereits in Böblingen.</li><li><strong>S60</strong> fällt zwischen Böblingen und Sindelfingen aus.</li><li>Zwischen Böblingen und Sindelfingen fährt ein <strong>Ersatzverkehr mit Bussen (S60E) i</strong>m 30-Minuten-Takt.</li><li>Bitte beachten Sie die früheren Abfahrtszeiten der Busse in Böblingen und wählen Sie gegebenenfalls eine frühere Verbindung.</li></ul><p><strong>In der Nacht 7./8. Mai</strong></p><ul><li><strong>S1</strong> verkehrt nur zwischen Kirchheim (T) und Böblingen. <strong>Ausnahme</strong>: Züge mit Abfahrt in Kirchheim (T) um 22.20 Uhr, 23.20 Uhr und 23.50 Uhr sowie in Herrenberg um 23.16 Uhr verkehren regulär.</li><li>Zwischen Böblingen und Herrenberg fährt ein <strong>Ersatzverkehr mit Bussen (S1E)</strong> im 30-Minuten-Takt.</li></ul><p>Bitte berücksichtigen Sie diese Abweichungen bei Ihrer Reiseplanung und informieren Sie sich vorab über Ihre Reiseverbindungen. Um keine kurzfristigen Änderungen zu verpassen, informieren Sie sich bitte auch unmittelbar vor Fahrtantritt in den digitalen Reiseauskunftsmedien unter&nbsp;bahn.de&nbsp;oder in der App DB Navigator.</p>";S 1, S 60;2025-05-06T20:30:00;2025-05-08T01:00:00;RisDisruptions;"Fahrplan S60E Böblingen - Sindelfingen.pdf; Fahrplan S1E Vaihingen - Böblingen - Herrenberg.pdf";weitere Informationen;https://assets-ri.extranet.deutschebahn.com/regio_sbahn_stuttgart/2025-04-11/02a9c62e-4bea-411a-bf1f-fd0e10192961reisendenkarte_20250409-115315.png;isWeek;2;2025-04-13T23:04:02.673431;8001055, 8005201, 8001689, 8003022, 8005776, 8004490, 8002165, 8005574, 8002785, 8005773;2025-04-14T01:04:39.356014
