ID;Überschrift;Kurztext;Text;Linien;Startdatum;Enddatum;Quelle;Anhänge;Links;Bild;Kategorien;Nachrichtentypen;Zeitstempel;Betroffene Haltestellen;Aktualisierungszeit
43167a63-b57f-43ca-bd98-e3b2bb9652b0;Marbach <> Backnang: Stündlicher S4-Pendelverkehr von 5 bis 10 Uhr und 13 bis 19 Uhr. Zusätzlich Ersatzverkehr mit Bussen.;"Die Deutsche Bahn hat die ""kleine Murrbahn"" nach Unwetterschäden mit umfangreichen Reparatur- und Präventionsmaßnahmen instandgesetzt.";"<p><strong>Seit Sonntag, 15. Dezember verkehrt die Linie S4 zwischen 5 und 10 Uhr sowie von 13 bis 19 Uhr</strong> <strong>stündlich zwischen Marbach und Backnang. </strong>Maßgeblich für den Stundentakt ist, dass vorübergehend alle Züge noch mit deutlich verminderter Geschwindigkeit fahren müssen und sich dadurch in beide Richtungen <strong>etwa um acht Minuten längere Fahrzeiten </strong>ergeben. Damit sich vom Zugbetrieb auf der eingleisigen Strecke keine Verzögerungen in das S-Bahn-Netz übertragen, fahren die <strong>S4-Züge zwischen Marbach und Backnang bis auf Weiteres im Pendelverkehr</strong>.</p><h1><strong>Der S4-Pendel fährt jeweils zur Minute .13 in Marbach ab und kommt zur Minute .34 in Backnang an. In der Gegenrichtung startet der S4-Pendel jeweils zur Minute .43 in Backnang und erreicht zur Minute .04 Marbach. </strong></h1><p><strong>In Marbach besteht jeweils Anschluss von und nach Stuttgart Schwabstraße.</strong> Die S-Bahnen der S4 zwischen Marbach und Stuttgart Schwabstraße fahren von montags bis samstags tagsüber durchgängig im 15-Minuten-Takt, darüber hinaus im Halbstundentakt.&nbsp;</p><h1><strong>Zusätzlich Ersatzverkehr mit Bussen&nbsp;</strong></h1><p>Damit wie üblich stündlich zwei Fahrten zwischen Marbach und Backnang angeboten werden, setzt die <strong>DB zusätzlich weiterhin Busse der Linie S4E</strong> ein.</p><p><strong>Während der Betriebszeiten des S4-Pendels</strong> fahren die Busse zur Minute .48 in Marbach und zur Minute .13 in Backnang ab.</p><p><strong>Außerhalb der Angebotszeiten des S4-Pendels</strong> fahren die Busse in Marbach zu den Minuten .18 und .48 ab. Die Busse starten dann zu den Minuten .13 und .43 in Backnang. In Erdmannhausen liegt die Haltestelle für den Ersatzverkehr auch weiterhin im Ort.&nbsp;(Erdmannhausen, Bahnhofstraße und Erdmannhausen, Rathaus).</p><p>Die Busse (S4E) halten an folgenden Haltestellen:</p><ul><li>Marbach(N), Bahnhof</li><li>Erdmannhausen, Bahnhofstraße</li><li>Erdmannhausen, Rathaus</li><li>Kirchberg (M), Marbacher Str.</li><li>Kirchberg (M), Rathaus</li><li>Burgstall (M), Bahnhof</li><li>Erbstetten-Ortsmitte</li><li>Backnang, ZOB</li></ul><p>Bitte informieren Sie sich vor Fahrtantritt und planen die längere Fahrzeit der Busse mit ein.</p>";S 4;2024-06-26T19:35:00;2025-06-14T23:59:00;RisDisruptions;"Fahrplan Ersatzverkehr S4E Marbach - Backnang ab 11.01.25.pdf; Fahrgastinformation_S4.pdf";"Informationen zu den Abfahrtshaltestellen des Ersatzverkehrs; Betriebslage; weitere Informationen";https://assets-ri.extranet.deutschebahn.com/regio_sbahn_stuttgart/2025-01-21/cfbafa6d-7c0d-4e5a-85c9-1f2d5cc8514areisendenkarte_20241219-151330.png;;2;2025-02-25T15:06:13.69683;8003853, 8000873, 8001827;2025-02-25T16:10:24.459899
e1a241c5-6b75-4060-87ce-91ae549ee5d9;Instandhaltungsfenster 2025: Fahrtänderungen im S-Bahnverkehr;Wegen Instandhaltungsarbeiten im S-Bahn-Tunnel kommt es in mehreren Nächten von Montag auf Dienstag zwischen 22.30 Uhr und 4.30 Uhr zu Fahrplanänderungen im S-Bahn-Verkehr. Sobald uns das genaue Betriebsprogramm zu den einzelnen Nächten vorliegt, finden Sie die detaillierten Informationen zu den konkreten Fahrplanänderungen unter dem jeweiligen Datum gesondert dargestellt.;"<p>Das Instandhaltungsfenster findet jeweils in der Nacht von Montag auf Dienstag statt. Dafür sind folgende Nächte vorgesehen (Änderungen vorbehalten):</p><ul><li>24./25. März,</li><li>7./8. April, 14./15. April,</li><li>12./13. Mai, 19./20. Mai,</li><li>2./3. Juni, 23./24. Juni, 30. Juni/1. Juli,</li><li>14./15. Juli, 21./22. Juli,</li><li>15./16. September, 22./23. September,</li><li>13./14. Oktober, 20./21. Oktober,</li><li>3./4. November, 17./18. November</li><li>1./2. Dezember</li></ul><p><strong>Warum eigentlich Instandhaltungsfenster?</strong></p><p>Damit die Gleise und die Technik im S-Bahntunnel fit bleiben, benötigt InfraGo auch im Jahresfahrplan 2025 für die Instandhaltungsarbeiten ausreichend zusammenhängende Zeitfenster.&nbsp;Um tagsüber den Betrieb nicht zu stören, wurden die Arbeiten nachts in Instandhaltungsfenstern gebündelt.</p><p>Die DB InfraGo hat als Infrastrukturbetreiber mit der S-Bahn Stuttgart folgendes Grundkonzept erarbeitet:</p><p>Zwischen Stuttgart-Vaihingen und Stuttgart Hbf (tief) bzw. Bad Cannstatt wird während dieser Zeit lediglich ein reduziertes Fahrplanangebot&nbsp;im S-Bahntunnel gefahren. Zudem werden in diesem Zeitraum die Fahrzeiten einzelner Linien angepasst, sodass Anschlüsse ggf. nicht erreicht werden.&nbsp;Die Fahrplanänderungen werden kontinuierlich in die Fahrplanmedien eingepflegt und dann über die elektronische Fahrplanauskunft bei der DB oder in den Apps abrufbar sein.&nbsp;</p>";S 1, S 2, S 3, S 4, S 5, S 6;2025-01-27T22:30:00;2025-12-01T04:30:00;RisDisruptions;;weitere Informationen;https://assets-ri.extranet.deutschebahn.com/regio_sbahn_stuttgart/2025-02-17/d7d2c96e-f4c1-4266-bcd7-4463fc556fbdreisendenkarte_20241112-155203.png;isInTimeInterval, isWeek;2;2025-02-25T15:06:13.69683;8006700, 8006699, 8006513, 8005779, 8005769, 8098096, 8006698, 8005776;2025-02-25T16:10:24.459980
54cc8da2-aded-4c0c-8217-2a2241d6b133;Stuttgart Hbf <> Stuttgart-Vaihingen/Zuffenhausen: Zugausfälle und Ersatzverkehr mit Bussen;Vom 11.2. bis 21.3., jeweils in den Nächten So/Mo – Do/Fr, von 21.00 Uhr bis 4.30 Uhr finden zwischen S-Hauptbahnhof (tief) und S-Schwabstraße Bauarbeiten auf der Stammstrecke statt.;"<ul><li><strong>S1 verkehrt in zwei Abschnitten</strong>: Kirchheim(T) &lt;&gt; Stuttgart Hbf (oben) und Stuttgart-Vaihingen &lt;&gt; Herrenberg</li><li><strong>S2 verkehrt in zwei Abschnitten:</strong> Schorndorf &lt;&gt; Stuttgart Hbf (oben) und Stuttgart-Vaihingen &lt;&gt; Filderstadt</li><li><strong>S3</strong> verkehrt nur zwischen Backnang und Bad Cannstatt.</li><li><strong>S4</strong> verkehrt nur zwischen Marbach(N) und Stuttgart Hbf (oben).</li><li><strong>S5 </strong>verkehrt nur zwischen Bietigheim-Bissingen und Stuttgart-Zuffenhausen.</li><li><strong>S6/S60</strong> verkehren nur zwischen Weil der Stadt/Böblingen und Stuttgart-Zuffenhausen.</li><li>Die Linien S1-S5 verkehren nur im 30-Minuten-Takt.</li></ul><p><strong>Ersatzverkehr:</strong></p><ul><li><strong>SEV1 Stuttgart Hbf, Arnulf-Klett-Platz &lt;&gt; Stuttgart-Vaihingen, Bf/ZOB</strong> mit Zwischenhalt in Stuttgart Stadtmitte (Wilhelmsbau/Büchsenstraße), Feuersee, Schwabstraße, Westbahnhof, Universität und Österfeld (Alter Friedhof)</li><li><strong>S5E Stuttgart Hbf, Arnulf-Klett-Platz &lt;&gt; Stuttgart-Zuffenhausen, Bf/ZOB (ohne Zwischenhalt)</strong></li></ul><p><strong>Bitte beachten Sie wegen einer zeitgleich stattfindenden Baustelle im Zeitraum, Samstag, 22.02.,1.30 Uhr bis Montag, 03.03.2025, 4.00 Uhr</strong></p><ul><li><strong>S62</strong> entfällt</li><li><strong>RB11</strong> ""Schusterbahn"" Kornwestheim – Untertürkheim entfällt.</li></ul><p>Bitte berücksichtigen Sie diese Abweichungen bei Ihrer Reiseplanung und informieren Sie sich vorab über Ihre Reiseverbindungen. Um keine kurzfristigen Änderungen zu verpassen, informieren Sie sich bitte auch unmittelbar vor Fahrtantritt in den digitalen Reiseauskunftsmedien unter&nbsp;bahn.de&nbsp;oder in der App DB Navigator.</p>";S 62, S 6, S 60, S 4, S 5;2025-02-11T21:00:00;2025-03-21T04:30:00;RisDisruptions;"Fahrplan S1E Stuttgart - Vaihingen.pdf; Fahrplan S5E Zuffenhausen - Stuttgart 11.2. - 21.3..pdf";"weitere Informationen (2); weitere Informationen";https://assets-ri.extranet.deutschebahn.com/regio_sbahn_stuttgart/2025-02-25/980c8c09-5d49-456c-b84c-a5818d75b1aereisendenkarte_20250122-111155.png;isInTimeInterval, isWeek;2;2025-02-25T15:06:13.69683;;2025-02-25T16:10:24.460035
eadc35c5-a4e4-42b6-8de9-45adb74a4ac8;Kirchheim > Herrenberg: Haltausfälle und Ersatzverkehr mit Bussen.;Zwischen 13./14. Februar und 2./3. März finden in einzelnen Nächten Arbeiten an der Leit- und Sicherungstechnik in Untertürkheim statt.;"<p>In den Nächten 13./14., 16./17., 17./18., 20./21. und 23./24. Februar sowie 2./3. März - jeweils 19.30 bzw. 22.30 bis 1.00 Uhr:</p><ul><li><strong>S1 in Richtung Herrenberg hält nicht in Obertürkheim, Untertürkheim und Neckarpark.</strong></li><li>Zwischen Mettingen und Bad Cannstatt fährt ein <strong>Ersatzverkehr mit Bussen (S1E)</strong>.</li><li>Bitte beachten Sie die längeren Fahrtzeiten der Busse und wählen Sie gegebenenfalls eine frühere Verbindung.</li></ul><p>Bitte berücksichtigen Sie diese Abweichungen bei Ihrer Reiseplanung und informieren Sie sich vorab über Ihre Reiseverbindungen. Um keine kurzfristigen Änderungen zu verpassen, informieren Sie sich bitte auch unmittelbar vor Fahrtantritt in den digitalen Reiseauskunftsmedien unter&nbsp;bahn.de&nbsp;oder in der App DB Navigator.</p>";S 1;2025-02-13T22:30:00;2025-03-03T01:00:00;RisDisruptions;Fahrplan S1E Mettingen - Bad Cannstatt.pdf;weitere Informationen;https://assets-ri.extranet.deutschebahn.com/regio_sbahn_stuttgart/2025-01-29/24ee682a-1364-4ad7-9168-c1b9bba69f39reisendenkarte_20250128-145445.png;isInTimeInterval;2;2025-02-25T15:06:13.69683;8006743, 8001921, 8005772, 8005769;2025-02-25T16:10:24.460081
8b5cad39-cfca-431d-b17e-b36f7c0ed6bf;Waiblingen > Schorndorf: Haltausfall in Stetten-Beinstein und Ersatzverkehr mit Bussen;Von 17. bis 28. Februar finden in Stetten-Beinstein Bahnsteigarbeiten zum Ausbau der Barrierefreiheit statt.;"<ul><li><strong>S2 hält in Richtung Schorndorf nicht in Stetten-Beinstein.</strong></li><li>Zwischen Stetten-Beinstein und Endersbach fährt in beiden Richtungen ein <strong>Ersatzverkehr mit Bussen (S2E)</strong>.</li><li>Bitte beachten Sie die früheren Abfahrtszeiten der Busse in Stetten-Beinstein sowie die längeren Fahrtzeiten der Busse. Wählen Sie gegebenenfalls eine frühere Verbindung.</li></ul><p>Von 3. bis 21. März muss der Halt in Stetten-Beinstein nochmals wegen Bauarbeiten zum Ausbau der Barrierefreiheit entfallen, über das in diesem Zeitraum gültige Betriebsprogramm werden wir Sie rechtzeitig informieren.</p><p>Bitte beachten Sie, dass es von 11. Februar bis 21. März aufgrund von Bauarbeiten zu weiteren Fahrplanabweichungen und Einschränkungen im S-Bahn-Netz kommt.</p><p>Bitte berücksichtigen Sie diese Abweichungen bei Ihrer Reiseplanung und informieren Sie sich vorab über Ihre Reiseverbindungen. Um keine kurzfristigen Änderungen zu verpassen, informieren Sie sich bitte auch unmittelbar vor Fahrtantritt in den digitalen Reiseauskunftsmedien unter&nbsp;bahn.de&nbsp;oder in der App DB Navigator.</p>";S 2;2025-02-17T01:00:00;2025-02-28T21:00:00;RisDisruptions;Fahrplan S2E Endersbach -Stetten-Beinstein 17.-28.2..pdf;weitere Informationen;https://assets-ri.extranet.deutschebahn.com/regio_sbahn_stuttgart/2025-01-29/e2f86bd8-d12e-4ac9-9b81-9e06e3943328reisendenkarte_20250128-132233.png;;2;2025-02-25T15:06:13.69683;8005726, 8001785, 8005157;2025-02-25T16:10:24.460141
7976c4c6-8c96-49c6-b6e0-2d1601ad42d6;Stuttgart-Zuffenhausen <> Stuttgart Hbf: Zugausfälle und Ersatzverkehr mit Bussen;Von Samstag, 22.02.,1.30 Uhr bis Montag, 03.03.2025, 4.00 Uhr kommt es wegen Bauarbeiten und Umleitung von Regional- und Fernverkehrszügen zwischen Stuttgart-Zuffenhausen und Stuttgart Hbf zu folgenden Fahrplanabweichungen im S-Bahn-Verkehr:;"<ul><li>Die Linien <strong>S4 und S5</strong> verkehren nur im 30-Minuten-Takt.</li><li>Die Linien<strong> S6/S60 </strong>verkehren nur zwischen Weil der Stadt/Böblingen und Stuttgart-Zuffenhausen.</li><li>Die Linien <strong>S62</strong> und <strong>RB11</strong> ""Schusterbahn"" fallen aus.</li></ul><p><strong>Bitte beachten Sie auch: </strong>Von<strong> </strong>11.2. bis 21.3., jeweils in den Nächten So/Mo – Do/Fr, von 21.00 Uhr bis 4.30 Uhr sowie durchgehend von Samstag, 15.2., 1.30 Uhr bis Montag, 17.2., 4.30 Uhr kommt es aufgrund von Bauarbeiten auf der Stammstrecke zwischen Stuttgart Hbf (tief) und Stuttgart-Schwabstraße zu weiteren Fahrplanabweichungen.</p><p>Bitte berücksichtigen Sie diese Abweichungen bei Ihrer Reiseplanung und informieren Sie sich vorab über Ihre Reiseverbindungen. Um keine kurzfristigen Änderungen zu verpassen, informieren Sie sich bitte auch unmittelbar vor Fahrtantritt in den digitalen Reiseauskunftsmedien unter&nbsp;bahn.de&nbsp;oder in der App DB Navigator.</p>";RB 11, S 4, S 5, S 6, S 60, S 62;2025-02-22T01:30:00;2025-03-03T04:00:00;RisDisruptions;;weitere Informationen;https://assets-ri.extranet.deutschebahn.com/regio_sbahn_stuttgart/2025-02-05/638cc56b-c628-435f-9d32-7cb4bf9efdd0reisendenkarte_20250205-153638.png;;2;2025-02-25T15:06:13.69683;8000016, 8006699, 8000873, 8005778, 8003853, 8005767, 8000235, 8002065, 8006700, 8001967, 8001296, 8003411, 8003266, 8005820, 8000038, 8000096, 8003409, 8002892, 8003808, 8005001, 8003807, 8005236, 8003652, 8001476, 8003834, 8000313, 8004338, 8005574, 8005770, 8098096, 8006698, 8001827, 8000630, 8006268, 8001055;2025-02-25T16:10:24.460174
fb68bed1-5ce6-4ed5-9b4b-15be091aac16;Stuttgart-Hauptbahnhof > Waiblingen: Haltausfälle und Ersatzverkehr mit Bussen;In der Nacht 28. Februar/1. März, 21 Uhr bis 5 Uhr, finden Instandhaltungsarbeiten zwischen S-Hauptbahnhof und Schorndorf statt. ;"<ul><li><strong>S2 Richtung Schorndorf sowie S3 Richtung Backnang halten nicht in Bad Cannstatt, Nürnberger Straße, Sommerrain und Fellbach.</strong></li><li>Zwischen Stuttgart Hauptbahnhof (Arnulf-Klett-Platz) und Waiblingen verkehrt ein <strong>Ersatzverkehr mit Bussen (S2E) ohne Halt in Sommerrain.</strong></li><li>Zwischen Nürnberger Straße und Sommerrain fährt ein zusätzlicher <strong>Ersatzverkehr mit Kleinbussen (S3E).</strong></li><li>Bitte beachten Sie die längeren Fahrzeiten der Busse und wählen Sie gegebenenfalls eine frühere Verbindung.</li><li>Die S2 mit planmäßiger Abfahrt in Schorndorf um 0.48 Uhr verkehrt bereits um 0.46 Uhr.</li></ul><p>Bitte berücksichtigen Sie diese Abweichungen bei Ihrer Reiseplanung und informieren Sie sich vorab über Ihre Reiseverbindungen. Um keine kurzfristigen Änderungen zu verpassen, informieren Sie sich bitte auch unmittelbar vor Fahrtantritt in den digitalen Reiseauskunftsmedien unter&nbsp;bahn.de&nbsp;oder in der App DB Navigator.</p>";S 2, S 3;2025-02-28T20:30:00;2025-03-01T05:00:00;RisDisruptions;"Fahrplan S2E Stuttgart-Hbf - Waiblingen.pdf; Fahrplan S3E Nürnberger Straße - Sommerrain.pdf";weitere Informationen;https://assets-ri.extranet.deutschebahn.com/regio_sbahn_stuttgart/2025-02-03/66aa12a2-6481-43be-916f-2a508f4989f0reisendenkarte_20250203-112602.png;isInTimeInterval;2;2025-02-25T15:06:13.69683;8098096, 8001974, 8005769, 8000180;2025-02-25T16:10:24.460209
23d91d78-d809-460c-98fc-3499032739d3;Waiblingen <> Schorndorf: Zug- und Haltausfälle sowie Ersatzverkehr mit Bussen auf der Linie S2;Von 1. März bis 11. April finden Bahnsteigarbeiten zum Ausbau der Barrierefreiheit  in Stetten-Beinstein sowie Weichenarbeiten in Schorndorf statt.;"<p>Es kommt zu folgenden Fahrplanabweichungen:</p><p><strong>Von 1. März bis 14. März:</strong></p><ul><li><strong>S2 verkehrt zwischen Schorndorf und Waiblingen nur im 30-Minutentakt </strong>(mit Ausnahme stündlicher Nachtverkehr in den Nächten Freitag/Samstag und Samstag/Sonntag).</li></ul><p><strong>Von 3. März bis 14. März:</strong></p><ul><li><strong>S2 hält in beiden Richtungen nicht in Stetten-Beinstein</strong>.</li><li>Zwischen Stetten-Beinstein und Endersbach fährt ein <strong>Ersatzverkehr mit Bussen (S2E)</strong>. Bitte beachten Sie die früheren Abfahrtszeiten der Busse in Stetten-Beinstein sowie die längeren Fahrtzeiten der Busse. Wählen Sie gegebenenfalls eine frühere Verbindung.</li><li><strong>S2 mit Abfahrt in Schorndorf um 3.48 Uhr entfällt.</strong></li><li>Zwischen Schorndorf und Waiblingen fährt ein <strong>Ersatzverkehr mit Bussen (S2E)</strong>. Bitte beachten Sie die deutlich frühere Abfahrtszeit des Busses in Schorndorf.</li></ul><p><strong>Von 15. März bis 23. März: </strong></p><ul><li><strong>S2 verkehrt nur zwischen Filderstadt und Waiblingen.</strong></li><li>Zwischen Schorndorf und Waiblingen fährt ein <strong>Ersatzverkehr mit Bussen (S2E)</strong>.<strong> </strong>Bitte beachten Sie die frühere Abfahrtszeit der Busse in Schorndorf.</li></ul><p><strong>Von 24. März bis 11. April:</strong></p><ul><li><strong>S2 verkehrt zwischen Schorndorf und Waiblingen nur im 30-Minutentakt </strong>(mit Ausnahme stündlicher Nachtverkehr in den Nächten Freitag/Samstag und Samstag/Sonntag).</li></ul><p>Bitte beachten Sie, dass es im März aufgrund von Bauarbeiten zu weiteren Fahrplanabweichungen und Einschränkungen im S-Bahn-Netz kommt.</p><p>Bitte berücksichtigen Sie diese Abweichungen bei Ihrer Reiseplanung und informieren Sie sich vorab über Ihre Reiseverbindungen. Um keine kurzfristigen Änderungen zu verpassen, informieren Sie sich bitte auch unmittelbar vor Fahrtantritt in den digitalen Reiseauskunftsmedien unter&nbsp;bahn.de&nbsp;oder in der App DB Navigator.</p>";S 2;2025-03-01T08:00:00;2025-04-11T21:00:00;RisDisruptions;"Baustellenphasen S2 1.3. - 11.4..pdf; Fahrplan S2E Stetten-Beinstein - Endersbach 3.-14.3..pdf; Fahrplan S2E Schorndorf - Waiblingen 15.-23.3..pdf";weitere Informationen;https://assets-ri.extranet.deutschebahn.com/regio_sbahn_stuttgart/2025-02-17/2426c2ff-2296-42d3-8f92-e38d22a6f9e0reisendenkarte_20250203-171348.png;;2;2025-02-25T15:06:13.69683;8006485, 8002240, 8005157, 8000934, 8005726, 8006277, 8001785, 8002448, 8000180, 8005424;2025-02-25T16:10:24.460238
9f320ff5-9aa4-4087-baba-bcd9872e185a;Plochingen <> Kirchheim (T): Zugausfälle und Ersatzverkehr mit Bussen;In der Nacht 2./3. März, 21 bis 5 Uhr, finden Instandhaltungsarbeiten zwischen Kirchheim (T) und Wendlingen statt.;"<ul><li><strong>S1 hält nicht zwischen Plochingen und Kirchheim (T).</strong></li><li>Zwischen Plochingen und Kirchheim (T) fährt ein&nbsp;<strong>Ersatzverkehr mit Bussen (S1E)</strong>.</li><li>Bitte beachten Sie die früheren Abfahrtszeiten der Busse in Kirchheim (T) sowie die längeren Fahrtzeiten der Busse. Wählen Sie gegebenenfalls eine frühere Verbindung.</li></ul><p>Bitte beachten Sie, dass es im genannten Zeitraum zu weiteren Abweichungen im S-Bahn-Verkehr aufgrund von Baustellen kommt.</p><p>Bitte berücksichtigen Sie diese Abweichungen bei Ihrer Reiseplanung und informieren Sie sich vorab über Ihre Reiseverbindungen. Um keine kurzfristigen Änderungen zu verpassen, informieren Sie sich bitte auch unmittelbar vor Fahrtantritt in den digitalen Reiseauskunftsmedien unter&nbsp;bahn.de&nbsp;oder in der App DB Navigator.</p><p></p>";S 1;2025-03-02T21:00:00;2025-03-03T05:00:00;RisDisruptions;Fahrplan S1E Plochingen - Kirchheim.pdf;weitere Informationen;https://assets-ri.extranet.deutschebahn.com/regio_sbahn_stuttgart/2025-02-05/39a1cfd3-a609-41ab-9ef8-70ef6171537breisendenkarte_20250203-152223.png;isInTimeInterval;2;2025-02-25T15:06:13.69683;8000302, 8003282, 8006346, 8000508, 8006331, 8003280;2025-02-25T16:10:24.460294
25d3d388-07a3-44ce-bc13-20e60d6cc2df;Böblingen <> Sindelfingen: Haltausfall und Ersatzverkehr mit Bussen;Am 5., 6. und 7. März finden in Böblingen Gleisarbeiten statt. ;"<ul><li><strong>S60 </strong>mit Abfahrt in Renningen um 0.09 Uhr endet bereits in Sindelfingen.</li><li><strong>S60 </strong>mit planmäßiger Abfahrt in Böblingen um 0.34 Uhr verkehrt erst ab Sindelfingen.</li><li>Zwischen Sindelfingen und Böblingen fährt ein <strong>Ersatzverkehr mit Bussen (S6E)</strong>.</li><li>Bitte beachten Sie die früheren Abfahrtszeiten der Busse in Böblingen sowie die längeren Fahrtzeiten der Busse. Wählen Sie gegebenenfalls eine frühere Verbindung.</li></ul><p>Bitte berücksichtigen Sie diese Abweichungen bei Ihrer Reiseplanung und informieren Sie sich vorab über Ihre Reiseverbindungen. Um keine kurzfristigen Änderungen zu verpassen, informieren Sie sich bitte auch unmittelbar vor Fahrtantritt in den digitalen Reiseauskunftsmedien unter&nbsp;bahn.de&nbsp;oder in der App DB Navigator.</p>";S 60;2025-03-04T23:45:00;2025-03-07T01:30:00;RisDisruptions;Fahrplan S6E Sindelfingen - Böblingen.pdf;weitere Informationen;https://assets-ri.extranet.deutschebahn.com/regio_sbahn_stuttgart/2025-02-10/165eee15-4fd7-4a23-94fb-7d108b617510reisendenkarte_20250204-144425.png;isWeek;2;2025-02-25T15:06:13.69683;8005574, 8001055;2025-02-25T16:10:24.460321
30afdf8b-6d1e-4a17-b66d-fe3658ce6165;Bad Cannstatt > Waiblingen: Haltausfälle und Ersatzverkehr mit Bussen;In der Nacht 5./6. März, 0 bis 1.30 Uhr, finden zwischen Bad Cannstatt und Waiblingen Instandhaltungsarbeiten statt.;"<ul><li><strong>S2 und S3 halten in Richtung Schorndorf bzw. Backnang nicht in Nürnberger Straße, Sommerrain und Fellbach.</strong></li><li>Zwischen Bad Cannstatt (Wilhelmsplatz) und Waiblingen fährt ein <strong>Ersatzverkehr mit Bussen (S2E)</strong>.</li><li>Bitte beachten Sie die längeren Fahrtzeiten der Busse und wählen Sie gegebenenfalls eine frühere Verbindung.</li></ul><p>Bitte beachten Sie, dass es von 11. Februar bis 21. März aufgrund von Bauarbeiten zu weiteren Fahrplanabweichungen und Einschränkungen im S-Bahn-Netz kommt.</p><p>Bitte berücksichtigen Sie diese Abweichungen bei Ihrer Reiseplanung und informieren Sie sich vorab über Ihre Reiseverbindungen. Um keine kurzfristigen Änderungen zu verpassen, informieren Sie sich bitte auch unmittelbar vor Fahrtantritt in den digitalen Reiseauskunftsmedien unter&nbsp;bahn.de&nbsp;oder in der App DB Navigator.</p>";S 2, S 3;2025-03-05T23:50:00;2025-03-06T02:00:00;RisDisruptions;Fahrplan S2E Bad Cannstatt - Waiblingen.pdf;weitere Informationen;https://assets-ri.extranet.deutschebahn.com/regio_sbahn_stuttgart/2025-02-10/e1efcf0b-e5bc-40fc-8f12-42ad72f9b57freisendenkarte_20250204-133749.png;isInTimeInterval, isWeek;2;2025-02-25T15:06:13.69683;8001974, 8000180;2025-02-25T16:10:24.460346
01717ed2-5732-4edd-831f-03ef7af87967;Bauarbeiten zwischen Zuffenhausen <-> S-Hauptbahnhof: Halt- und Zugausfälle auf den Linien S4, S5 und S6/60;Im Zeitraum 8.3. bis 24.3., jeweils an den Wochenenden von Samstag, 1.30 Uhr, bis Montag, 4.00 Uhr, finden zwischen Zuffenhausen und S-Hauptbahnhof Arbeiten an der Leit- und Sicherungstechnik statt.;"<ul><li><strong>S4/S5 </strong>verkehren an den Samstagen nur im 30-Minutentakt.</li><li><strong>S6/S60</strong> verkehren an den Samstagen und Sonntagen zwischen 5 - ca. 0.30 Uhr nicht zwischen S-Zuffenhausen und S-Schwabstraße.</li></ul><p>Bitte beachten Sie, dass es in dem genannten Zeitraum zu weiteren Fahrplanabweichungen aufgrund von Baustellen kommt.</p><p>Bitte berücksichtigen Sie diese Abweichungen bei Ihrer Reiseplanung und informieren Sie sich vorab über Ihre Reiseverbindungen. Um keine kurzfristigen Änderungen zu verpassen, informieren Sie sich bitte auch unmittelbar vor Fahrtantritt in den digitalen Reiseauskunftsmedien unter&nbsp;bahn.de&nbsp;oder in der App DB Navigator.</p>";S 4, S 5, S 6, S 60;2025-03-08T04:30:00;2025-03-24T01:00:00;RisDisruptions;;weitere Informationen;https://assets-ri.extranet.deutschebahn.com/regio_sbahn_stuttgart/2025-02-13/30c0a47a-59ec-404d-824e-8f95d25825a5reisendenkarte_20250213-091717.png;;2;2025-02-25T15:06:13.69683;8006700, 8006699, 8001967, 8000873, 8005820, 8000038, 8000235, 8003411, 8098096, 8006698, 8002065, 8003853, 8000630, 8005778;2025-02-25T16:10:24.460373
b3e5d40f-1e5f-4aa3-8cfc-ca44196f190b;Vaihingen > Böblingen sowie Vaihingen > Filderstadt: einzelne Haltausfälle und Ersatzverkehr mit Bussen;Von 10. bis 21. März finden Gleisarbeiten zwischen Stuttgart-Rohr und Filderstadt statt. ;"<p><strong>Von 10. bis 14. März:</strong></p><ul><li><strong>S1 </strong>in Richtung Herrenberg mit Abfahrt in Vaihingen um 1.20 Uhr hält nicht in S-Rohr.</li><li>Von S-Rohr nach Böblingen fährt um 0.53 Uhr ein <strong>Ersatzverkehr mit Bussen (S1E) </strong> mit Abfahrt in S-Rohr Mitte, Position 3 mit Zwischenhalt in Böblingen-Freibad. Bitte beachten Sie die frühere Abfahrt des Busses und wählen Sie gegebenenfalls eine frühere Verbindung.</li></ul><p><strong>Von 10. bis 14. März sowie 17. bis 21. März:</strong></p><ul><li><strong>S2 </strong>in Richtung Flughafen mit Abfahrt in Vaihingen um 1.10 Uhr endet in Flughafen-Messe.</li><li>Von Flughafen/Messe nach Filderstadt fährt um 1.28 Uhr ein<strong> Ersatzverkehr mit Bussen (S2E)</strong> mit Abfahrt in Flughafen/Messe SAB, Position 3.</li></ul><p>Bitte beachten Sie, dass es vom 11. Februar bis 21. März zu weiteren Abweichungen im S-Bahn-Verkehr aufgrund von Baustellen kommt.</p><p>Bitte berücksichtigen Sie diese Abweichungen bei Ihrer Reiseplanung und informieren Sie sich vorab über Ihre Reiseverbindungen. Um keine kurzfristigen Änderungen zu verpassen, informieren Sie sich bitte auch unmittelbar vor Fahrtantritt in den digitalen Reiseauskunftsmedien unter&nbsp;bahn.de&nbsp;oder in der App DB Navigator.</p>";S 1, S 2;2025-03-10T01:00:00;2025-03-21T02:00:00;RisDisruptions;"Fahrplan S1E S-Rohr - Böblingen.pdf; Fahrplan S2E FlughafenMesse - Filderstadt.pdf";weitere Informationen;https://assets-ri.extranet.deutschebahn.com/regio_sbahn_stuttgart/2025-02-18/5a9e8aa9-8731-4211-a6da-7d87dffd32eareisendenkarte_20250207-152857.png;;2;2025-02-25T15:06:13.69683;8005776, 8005773, 8005201, 8003622, 8004496, 8001650, 8001055, 8005768;2025-02-25T16:10:24.460399
a69448e8-b640-4898-8813-5159cc63f4f8; Stuttgart Hbf <> Fellbach: Haltausfälle und Ersatzverkehr mit Bussen;In den Nächten 14./15. März und 15./16. März finden zwischen Stuttgart Hbf und Fellbach Schienenschleifarbeiten statt. ;"<p><strong>In der Nacht 14./15. März, </strong>von 23.00 Uhr bis 3.45 Uhr</p><ul><li><strong>S2 Richtung Schorndorf</strong> hält nicht in Bad Cannstatt, Nürnberger Straße und Sommerrain.</li><li><strong>S3 Richtung Backnang</strong> hält nicht in Bad Cannstatt, Nürnberger Straße und Sommerrain.</li><li>Zwischen Stuttgart Hbf und Fellbach fährt ein Ersatzverkehr mit Bussen (S2E), ohne Halt in Sommerrain.</li><li>Zwischen Nürnberger Straße und Sommerrain verkehrt ein Kleinbus (S3E).</li></ul><p><strong>In der Nacht 15./16. März, </strong>von 0.05 Uhr bis 3.45 Uhr</p><ul><li><strong>S2 Richtung Filderstadt</strong> hält nicht in Sommerrain, Nürnberger Straße und Bad Cannstatt.</li><li><strong>S3 Richtung Vaihingen/Flughafen</strong> hält nicht in Sommerrain, Nürnberger Straße und Bad Cannstatt.</li><li>Zwischen Fellbach und Bad Cannstatt bzw. Stuttgart Hbf fährt ein Ersatzverkehr mit Bussen (S2E), ohne Halt in Sommerrain.</li><li>Zwischen Nürnberger Straße und Sommerrain verkehrt ein Kleinbus (S3E).</li></ul><p>Bitte beachten Sie die längeren Fahrtzeiten der Busse und wählen Sie gegebenenfalls eine frühere Verbindung.</p><p>Bitte berücksichtigen Sie diese Abweichungen bei Ihrer Reiseplanung und informieren Sie sich vorab über Ihre Reiseverbindungen. Um keine kurzfristigen Änderungen zu verpassen, informieren Sie sich bitte auch unmittelbar vor Fahrtantritt in den digitalen Reiseauskunftsmedien unter&nbsp;bahn.de&nbsp;oder in der App DB Navigator.</p>";S 2, S 3;2025-03-14T23:00:00;2025-03-15T04:20:00;RisDisruptions;"Fahrplan Ersatzverkehr S3E.pdf; Fahrplan Ersatzverkehr S2E.pdf";weitere Informationen;https://assets-ri.extranet.deutschebahn.com/regio_sbahn_stuttgart/2025-02-18/d3a3949f-9f4a-4891-9c40-b9780872f5fdreisendenkarte_20250217-105155.png;isInTimeInterval;2;2025-02-25T15:06:13.69683;8004357, 8001974, 8005774, 8005769, 8000096, 8098096;2025-02-25T16:10:24.460431
1a7dcf93-4e95-4e06-b79f-57e759d7e561;Böblingen: Zugausfälle und Ersatzverkehr mit Bussen;Von 24.03., 05.00 Uhr bis 30.03.2025, 21.15 Uhr finden im Bahnhof Böblingen Gleisbaubeiten statt.  Es kommt zeitweise zu folgenden Fahrplanabweichungen.;"<ul><li><strong>S1 </strong>verkehrt zwischen Herrenberg und Stuttgart-Schwabstraße nur im 30-Minuten-Takt.</li><li><strong>S60</strong> fällt zwischen Böblingen und Sindelfingen aus.</li><li>Zwischen Böblingen Bf/ZOB, Bussteig 8 und Sindelfingen, Bahnhof verkehrt ein <strong>Ersatzverkehr mit Bussen </strong>(S60E).</li><li>Bitte beachten Sie die früheren Abfahrtszeiten der Busse in Böblingen sowie die längeren Fahrtzeiten der Busse. Wählen Sie gegebenenfalls eine frühere Verbindung.</li></ul><p>Bitte beachten Sie, dass es in der Nacht 24./25. März zu weiteren Abweichungen auf der Linie S1 wegen Bauarbeiten kommt.</p><p>Bitte berücksichtigen Sie diese Abweichungen bei Ihrer Reiseplanung und informieren Sie sich vorab über Ihre Reiseverbindungen. Um keine kurzfristigen Änderungen zu verpassen, informieren Sie sich bitte auch unmittelbar vor Fahrtantritt in den digitalen Reiseauskunftsmedien unter&nbsp;bahn.de&nbsp;oder in der App DB Navigator.</p>";S 1, S 60;2025-03-24T05:00:00;2025-03-30T21:15:00;RisDisruptions;Fahrplan Ersatzverkehr S60E.pdf;weitere Informationen;https://assets-ri.extranet.deutschebahn.com/regio_sbahn_stuttgart/2025-02-19/6ae6b5af-5bab-45e3-a633-22f6170574a2reisendenkarte_20250218-094950.png;;2;2025-02-25T15:06:13.69683;8005201, 8001689, 8003022, 8006513, 8005776, 8005779, 8004490, 8002165, 8005574, 8001055, 8005773, 8006698, 8002785;2025-02-25T16:10:24.460475
